XN1
10.0     1
10.0     1
10.0     1
10.0     1
10.0     1
10.1     1
10.1     1
10.1     1
10.1     1
10.1     1
10.2     1
10.2     2
10.2     2
10.2     3
10.2     4
10.3     4
10.3     3
10.3     3
10.3     2
10.3     1
10.4     1
10.4     1
10.4     1
10.4     1
10.4     1
10.5     2
10.5     3
10.5     4
10.5     5
10.5     5
10.6     4
10.6     4
10.6     3
10.6     3
10.6     3
10.7     2
10.7     2
10.7     2
10.7     2
10.7     2
10.8     2
10.8     2
10.8     2
10.8     2
10.8     2
10.9     2
10.9     3
10.9     3
10.9     3
10.9     3
11.0     2
11.0     2
11.0     2
11.0     1
11.0     1
11.1     1
11.1     1
11.1     2
11.1     2
11.1     2
11.2     2
11.2     2
11.2     2
11.2     2
11.2     2
11.3     3
11.3     4
11.3     5
11.3     5
11.3     5
11.4     5
11.4     5
11.4     5
11.4     5
11.4     5
11.5     5
11.5     5
11.5     4
11.5     3
11.5     2
11.6     2
11.6     2
11.6     3
11.6     3
11.6     4
11.7     4
11.7     4
11.7     4
11.7     4
11.7     4
11.8     4
11.8     4
11.8     3
11.8     3
11.8     3
11.9     3
11.9     4
11.9     4
11.9     5
11.9     5
12.0     5
12.0     5
12.0     4
12.0     4
12.0     4
12.1     4
12.1     4
12.1     3
12.1     3
12.1     3
12.2     4
12.2     5
12.2     5
12.2     5
12.2     4
12.3     4
12.3     4
12.3     4
12.3     4
12.3     4
12.4     4
12.4     4
12.4     4
12.4     4
12.4     4
12.5     4
12.5     5
12.5     5
12.5     5
12.5     5
12.6     5
12.6     4
12.6     4
12.6     4
12.6     4
12.7     3
12.7     3
12.7     2
12.7     2
12.7     2
12.8     2
12.8     3
12.8     3
12.8     4
12.8     4
12.9     4
12.9     4
12.9     3
12.9     3
12.9     3
13.0     3
13.0     3
13.0     3
13.0     3
13.0     3
13.1     3
13.1     2
13.1     2
13.1     2
13.1     2
13.2     2
13.2     3
13.2     3
13.2     4
13.2     4
13.3     4
13.3     4
13.3     3
13.3     3
13.3     3
13.4     2
13.4     2
13.4     2
13.4     2
13.4     2
13.5     2
13.5     3
13.5     4
13.5     5
13.5     5
13.6     5
13.6     4
13.6     3
13.6     2
13.6     1
13.7     1
13.7     1
13.7     1
13.7     1
13.7     1
13.8     1
13.8     1
13.8     1
13.8     1
13.8     1
13.9     2
13.9     2
13.9     3
13.9     3
13.9     3
14.0     3
14.0     3
14.0     3
14.0     2
14.0     2
14.1     2
14.1     2
14.1     2
14.1     2
14.1     2
14.2     1
14.2     1
14.2     1
14.2     2
14.2     2
14.3     2
14.3     2
14.3     2
14.3     2
14.3     3
14.4     3
14.4     3
14.4     3
14.4     3
14.4     3
14.5     3
14.5     3
14.5     4
14.5     4
14.5     4
14.6     4
14.6     4
14.6     4
14.6     4
14.6     4
14.7     4
14.7     4
14.7     3
14.7     2
14.7     1
14.8     1
14.8     1
14.8     1
14.8     2
14.8     2
14.9     2
14.9     2
14.9     2
14.9     2
14.9     2
15.0     3
15.0     3
15.0     4
15.0     5
15.0     6
15.1     6
15.1     5
15.1     4
15.1     3
15.1     2
15.2     1
15.2     1
15.2     1
15.2     1
15.2     2
15.3     3
15.3     4
15.3     5
15.3     5
15.3     5
15.4     4
15.4     4
15.4     3
15.4     3
15.4     3
15.5     3
15.5     4
15.5     4
15.5     4
15.5     4
15.6     5
15.6     5
15.6     6
15.6     6
15.6     6
15.7     5
15.7     5
15.7     4
15.7     4
15.7     4
15.8     4
15.8     4
15.8     4
15.8     4
15.8     4
15.9     5
15.9     5
15.9     5
15.9     6
15.9     6
16.0     6
16.0     5
16.0     5
16.0     5
16.0     4
16.1     4
16.1     4
16.1     4
16.1     5
16.1     5
16.2     6
16.2     6
16.2     6
16.2     6
16.2     5
16.3     5
16.3     4
16.3     4
16.3     4
16.3     5
16.4     5
16.4     6
16.4     6
16.4     6
16.4     5
16.5     5
16.5     5
16.5     5
16.5     5
16.5     5
16.6     6
16.6     7
16.6     8
16.6     8
16.6     7
16.7     6
16.7     5
16.7     4
16.7     3
16.7     3
16.8     4
16.8     5
16.8     6
16.8     7
16.8     7
16.9     7
16.9     6
16.9     5
16.9     5
16.9     5
17.0     6
17.0     6
17.0     6
17.0     7
17.0     7
17.1     7
17.1     8
17.1     8
17.1     8
17.1     7
17.2     6
17.2     5
17.2     4
17.2     4
17.2     4
17.3     5
17.3     7
17.3     8
17.3     9
17.3     9
17.4     9
17.4     10
17.4     10
17.4     10
17.4     10
17.5     10
17.5     10
17.5     9
17.5     9
17.5     9
17.6     9
17.6     9
17.6     8
17.6     8
17.6     8
17.7     8
17.7     8
17.7     9
17.7     9
17.7     9
17.8     8
17.8     8
17.8     8
17.8     9
17.8     9
17.9     10
17.9     10
17.9     10
17.9     10
17.9     10
18.0     10
18.0     10
18.0     10
18.0     9
18.0     9
18.1     8
18.1     8
18.1     8
18.1     9
18.1     9
18.2     10
18.2     11
18.2     11
18.2     11
18.2     11
18.3     11
18.3     11
18.3     12
18.3     12
18.3     12
18.4     12
18.4     12
18.4     12
18.4     12
18.4     12
18.5     13
18.5     13
18.5     13
18.5     13
18.5     13
18.6     12
18.6     12
18.6     12
18.6     12
18.6     13
18.7     13
18.7     13
18.7     14
18.7     14
18.7     14
18.8     14
18.8     13
18.8     13
18.8     13
18.8     14
18.9     14
18.9     14
18.9     13
18.9     12
18.9     11
19.0     10
19.0     10
19.0     11
19.0     12
19.0     13
19.1     13
19.1     13
19.1     12
19.1     11
19.1     9
19.2     8
19.2     7
19.2     7
19.2     8
19.2     10
19.3     12
19.3     14
19.3     15
19.3     16
19.3     16
19.4     15
19.4     14
19.4     13
19.4     12
19.4     11
19.5     10
19.5     10
19.5     11
19.5     12
19.5     13
19.6     14
19.6     14
19.6     14
19.6     14
19.6     15
19.7     15
19.7     15
19.7     15
19.7     14
19.7     14
19.8     13
19.8     13
19.8     13
19.8     14
19.8     14
19.9     15
19.9     15
19.9     16
19.9     16
19.9     17
20.0     17
20.0     16
20.0     15
20.0     14
20.0     13
20.1     13
20.1     13
20.1     13
20.1     13
20.1     13
20.2     13
20.2     13
20.2     13
20.2     13
20.2     13
20.3     14
20.3     15
20.3     15
20.3     16
20.3     16
20.4     16
20.4     17
20.4     18
20.4     19
20.4     20
20.5     20
20.5     20
20.5     19
20.5     19
20.5     18
20.6     18
20.6     18
20.6     18
20.6     17
20.6     16
20.7     15
20.7     14
20.7     14
20.7     15
20.7     16
20.8     16
20.8     17
20.8     17
20.8     17
20.8     17
20.9     17
20.9     17
20.9     17
20.9     18
20.9     18
21.0     19
21.0     19
21.0     19
21.0     19
21.0     18
21.1     17
21.1     16
21.1     15
21.1     14
21.1     14
21.2     14
21.2     14
21.2     15
21.2     15
21.2     15
21.3     16
21.3     16
21.3     16
21.3     15
21.3     14
21.4     13
21.4     12
21.4     12
21.4     12
21.4     13
21.5     14
21.5     15
21.5     15
21.5     15
21.5     14
21.6     13
21.6     12
21.6     11
21.6     11
21.6     12
21.7     12
21.7     13
21.7     13
21.7     14
21.7     14
21.8     15
21.8     15
21.8     15
21.8     15
21.8     14
21.9     14
21.9     13
21.9     13
21.9     13
21.9     13
22.0     13
22.0     13
22.0     13
22.0     13
22.0     13
22.1     13
22.1     13
22.1     12
22.1     12
22.1     12
22.2     12
22.2     12
22.2     11
22.2     11
22.2     10
22.3     10
22.3     11
22.3     11
22.3     12
22.3     12
22.4     12
22.4     12
22.4     12
22.4     11
22.4     11
22.5     11
22.5     11
22.5     11
22.5     11
22.5     11
22.6     10
22.6     10
22.6     10
22.6     11
22.6     12
22.7     13
22.7     14
22.7     14
22.7     14
22.7     14
22.8     14
22.8     14
22.8     14
22.8     13
22.8     13
22.9     12
22.9     11
22.9     11
22.9     11
22.9     11
23.0     11
23.0     11
23.0     10
23.0     10
23.0     10
23.1     9
23.1     9
23.1     9
23.1     9
23.1     9
23.2     9
23.2     9
23.2     9
23.2     9
23.2     9
23.3     9
23.3     9
23.3     9
23.3     9
23.3     8
23.4     8
23.4     8
23.4     9
23.4     9
23.4     10
23.5     11
23.5     11
23.5     10
23.5     9
23.5     8
23.6     7
23.6     6
23.6     6
23.6     6
23.6     7
23.7     8
23.7     8
23.7     8
23.7     7
23.7     6
23.8     6
23.8     6
23.8     6
23.8     7
23.8     7
23.9     7
23.9     6
23.9     6
23.9     6
23.9     6
24.0     6
24.0     6
24.0     6
24.0     7
24.0     7
24.1     7
24.1     6
24.1     5
24.1     4
24.1     4
24.2     3
24.2     3
24.2     3
24.2     3
24.2     4
24.3     5
24.3     6
24.3     7
24.3     7
24.3     7
24.4     7
24.4     6
24.4     5
24.4     5
24.4     5
24.5     5
24.5     6
24.5     6
24.5     6
24.5     5
24.6     4
24.6     4
24.6     4
24.6     5
24.6     6
24.7     6
24.7     6
24.7     5
24.7     4
24.7     3
24.8     3
24.8     3
24.8     4
24.8     4
24.8     5
24.9     5
24.9     5
24.9     5
24.9     6
24.9     6
25.0     7
25.0     8
25.0     8
25.0     8
25.0     8
25.1     7
25.1     6
25.1     5
25.1     5
25.1     5
25.2     5
25.2     6
25.2     6
25.2     6
25.2     6
25.3     5
25.3     4
25.3     3
25.3     3
25.3     2
25.4     2
25.4     3
25.4     3
25.4     4
25.4     4
25.5     4
25.5     4
25.5     3
25.5     3
25.5     2
25.6     2
25.6     3
25.6     4
25.6     5
25.6     6
25.7     6
25.7     6
25.7     5
25.7     3
25.7     2
25.8     1
25.8     1
25.8     1
25.8     1
25.8     2
25.9     3
25.9     3
25.9     4
25.9     4
25.9     4
26.0     4
26.0     4
26.0     4
26.0     4
26.0     4
26.1     3
26.1     3
26.1     2
26.1     1
26.1     1
26.2     1
26.2     2
26.2     3
26.2     4
26.2     4
26.3     3
26.3     2
26.3     1
26.3     1
26.3     1
26.4     1
26.4     1
26.4     0
26.4     0
26.4     0
26.5     1
26.5     3
26.5     4
26.5     5
26.5     5
26.6     4
26.6     4
26.6     3
26.6     3
26.6     4
26.7     4
26.7     4
26.7     4
26.7     4
26.7     4
26.8     3
26.8     3
26.8     3
26.8     3
26.8     2
26.9     2
26.9     2
26.9     2
26.9     3
26.9     3
27.0     3
27.0     3
27.0     3
27.0     3
27.0     3
27.1     3
27.1     3
27.1     2
27.1     2
27.1     2
27.2     2
27.2     3
27.2     3
27.2     3
27.2     3
27.3     3
27.3     4
27.3     4
27.3     5
27.3     6
27.4     6
27.4     6
27.4     6
27.4     5
27.4     4
27.5     3
27.5     2
27.5     2
27.5     3
27.5     4
27.6     6
27.6     7
27.6     7
27.6     7
27.6     6
27.7     5
27.7     3
27.7     2
27.7     2
27.7     2
27.8     3
27.8     3
27.8     3
27.8     3
27.8     3
27.9     3
27.9     3
27.9     3
27.9     3
27.9     3
28.0     3
28.0     3
28.0     3
28.0     4
28.0     4
28.1     4
28.1     3
28.1     3
28.1     3
28.1     3
28.2     3
28.2     4
28.2     5
28.2     5
28.2     6
28.3     6
28.3     5
28.3     5
28.3     5
28.3     4
28.4     4
28.4     4
28.4     3
28.4     3
28.4     2
28.5     2
28.5     2
28.5     2
28.5     2
28.5     3
28.6     4
28.6     5
28.6     5
28.6     5
28.6     4
28.7     3
28.7     3
28.7     3
28.7     4
28.7     4
28.8     4
28.8     4
28.8     3
28.8     2
28.8     1
28.9     1
28.9     2
28.9     3
28.9     4
28.9     5
29.0     5
29.0     5
29.0     5
29.0     5
29.0     5
29.1     4
29.1     4
29.1     3
29.1     3
29.1     3
29.2     3
29.2     4
29.2     4
29.2     5
29.2     5
29.3     5
29.3     5
29.3     5
29.3     6
29.3     7
29.4     8
29.4     9
29.4     9
29.4     8
29.4     7
29.5     5
29.5     3
29.5     2
29.5     1
29.5     1
29.6     1
29.6     2
29.6     2
29.6     3
29.6     3
29.7     4
29.7     5
29.7     5
29.7     5
29.7     5
29.8     4
29.8     3
29.8     3
29.8     3
29.8     4
29.9     4
29.9     5
29.9     5
29.9     5
29.9     5
30.0     5
30.0     5
30.0     6
30.0     6
30.0     7
30.1     7
30.1     7
30.1     6
30.1     6
30.1     7
30.2     8
30.2     10
30.2     11
30.2     11
30.2     11
30.3     10
30.3     9
30.3     8
30.3     7
30.3     7
30.4     7
30.4     7
30.4     7
30.4     7
30.4     6
30.5     5
30.5     3
30.5     2
30.5     2
30.5     2
30.6     3
30.6     4
30.6     5
30.6     5
30.6     6
30.7     6
30.7     5
30.7     4
30.7     3
30.7     2
30.8     2
30.8     3
30.8     4
30.8     5
30.8     5
30.9     5
30.9     4
30.9     3
30.9     2
30.9     2
31.0     2
31.0     2
31.0     3
31.0     3
31.0     3
31.1     3
31.1     2
31.1     2
31.1     2
31.1     3
31.2     4
31.2     5
31.2     7
31.2     8
31.2     8
31.3     7
31.3     6
31.3     4
31.3     3
31.3     2
31.4     2
31.4     3
31.4     4
31.4     5
31.4     5
31.5     5
31.5     4
31.5     3
31.5     2
31.5     2
31.6     2
31.6     3
31.6     3
31.6     4
31.6     4
31.7     4
31.7     4
31.7     3
31.7     3
31.7     3
31.8     3
31.8     4
31.8     4
31.8     4
31.8     3
31.9     3
31.9     3
31.9     3
31.9     3
31.9     3
32.0     4
32.0     4
32.0     4
32.0     4
32.0     3
32.1     2
32.1     2
32.1     2
32.1     2
32.1     3
32.2     4
32.2     4
32.2     4
32.2     4
32.2     3
32.3     3
32.3     3
32.3     3
32.3     3
32.3     3
32.4     3
32.4     3
32.4     3
32.4     3
32.4     3
32.5     4
32.5     4
32.5     4
32.5     4
32.5     3
32.6     3
32.6     3
32.6     3
32.6     4
32.6     4
32.7     4
32.7     5
32.7     5
32.7     5
32.7     5
32.8     5
32.8     5
32.8     5
32.8     5
32.8     5
32.9     4
32.9     4
32.9     3
32.9     3
32.9     3
33.0     3
33.0     4
33.0     5
33.0     6
33.0     6
33.1     6
33.1     6
33.1     5
33.1     5
33.1     4
33.2     4
33.2     4
33.2     4
33.2     4
33.2     4
33.3     4
33.3     4
33.3     4
33.3     3
33.3     3
33.4     3
33.4     3
33.4     3
33.4     4
33.4     5
33.5     5
33.5     6
33.5     6
33.5     5
33.5     5
33.6     4
33.6     3
33.6     3
33.6     3
33.6     3
33.7     3
33.7     3
33.7     3
33.7     3
33.7     3
33.8     3
33.8     4
33.8     4
33.8     4
33.8     4
33.9     4
33.9     4
33.9     3
33.9     3
33.9     3
34.0     4
34.0     5
34.0     6
34.0     7
34.0     7
34.1     7
34.1     7
34.1     6
34.1     5
34.1     4
34.2     3
34.2     3
34.2     3
34.2     3
34.2     3
34.3     3
34.3     2
34.3     2
34.3     2
34.3     3
34.4     3
34.4     3
34.4     2
34.4     2
34.4     2
34.5     2
34.5     3
34.5     3
34.5     3
34.5     3
34.6     3
34.6     3
34.6     4
34.6     4
34.6     5
34.7     5
34.7     5
34.7     4
34.7     3
34.7     2
34.8     1
34.8     1
34.8     1
34.8     2
34.8     2
34.9     3
34.9     3
34.9     3
34.9     3
34.9     3
35.0     4
35.0     4
35.0     5
35.0     5
35.0     5
35.1     4
35.1     3
35.1     2
35.1     2
35.1     2
35.2     3
35.2     4
35.2     5
35.2     6
35.2     6
35.3     6
35.3     5
35.3     4
35.3     4
35.3     4
35.4     5
35.4     6
35.4     8
35.4     9
35.4     11
35.5     12
35.5     13
35.5     14
35.5     15
35.5     16
35.6     18
35.6     20
35.6     22
35.6     23
35.6     23
35.7     22
35.7     20
35.7     18
35.7     16
35.7     14
35.8     12
35.8     10
35.8     8
35.8     7
35.8     6
35.9     5
35.9     4
35.9     3
35.9     3
35.9     3
36.0     4
36.0     5
36.0     5
36.0     5
36.0     4
36.1     3
36.1     2
36.1     1
36.1     1
36.1     1
36.2     1
36.2     1
36.2     1
36.2     1
36.2     1
36.3     2
36.3     2
36.3     2
36.3     1
36.3     1
36.4     1
36.4     1
36.4     2
36.4     3
36.4     3
36.5     3
36.5     2
36.5     2
36.5     2
36.5     2
36.6     3
36.6     3
36.6     4
36.6     4
36.6     4
36.7     4
36.7     3
36.7     2
36.7     1
36.7     0
36.8     0
36.8     0
36.8     0
36.8     1
36.8     2
36.9     2
36.9     3
36.9     3
36.9     3
36.9     3
37.0     2
37.0     2
37.0     1
37.0     1
37.0     1
37.1     1
37.1     2
37.1     3
37.1     4
37.1     4
37.2     4
37.2     3
37.2     3
37.2     3
37.2     3
37.3     4
37.3     5
37.3     6
37.3     7
37.3     7
37.4     7
37.4     6
37.4     5
37.4     4
37.4     3
37.5     3
37.5     3
37.5     2
37.5     2
37.5     1
37.6     1
37.6     1
37.6     2
37.6     3
37.6     4
37.7     4
37.7     4
37.7     3
37.7     2
37.7     1
37.8     1
37.8     1
37.8     1
37.8     2
37.8     2
37.9     2
37.9     2
37.9     2
37.9     2
37.9     2
38.0     3
38.0     3
38.0     3
38.0     3
38.0     2
38.1     2
38.1     2
38.1     3
38.1     4
38.1     5
38.2     5
38.2     4
38.2     3
38.2     2
38.2     2
38.3     3
38.3     4
38.3     5
38.3     5
38.3     5
38.4     4
38.4     3
38.4     2
38.4     1
38.4     1
38.5     2
38.5     3
38.5     4
38.5     5
38.5     6
38.6     6
38.6     6
38.6     5
38.6     4
38.6     3
38.7     3
38.7     3
38.7     3
38.7     3
38.7     4
38.8     4
38.8     4
38.8     4
38.8     4
38.8     4
38.9     4
38.9     4
38.9     5
38.9     5
38.9     5
39.0     5
39.0     5
39.0     5
39.0     5
39.0     4
39.1     4
39.1     3
39.1     3
39.1     4
39.1     4
39.2     4
39.2     4
39.2     4
39.2     4
39.2     4
39.3     4
39.3     4
39.3     5
39.3     5
39.3     5
39.4     5
39.4     4
39.4     3
39.4     2
39.4     2
39.5     2
39.5     3
39.5     3
39.5     4
39.5     4
39.6     5
39.6     5
39.6     5
39.6     5
39.6     4
39.7     3
39.7     2
39.7     2
39.7     2
39.7     3
39.8     4
39.8     5
39.8     5
39.8     5
39.8     4
39.9     3
39.9     2
39.9     2
39.9     3
39.9     4
40.0     5
40.0     6
40.0     6
40.0     6
40.0     5
40.1     4
40.1     3
40.1     2
40.1     2
40.1     2
40.2     3
40.2     3
40.2     3
40.2     3
40.2     3
40.3     2
40.3     2
40.3     1
40.3     1
40.3     2
40.4     3
40.4     4
40.4     5
40.4     5
40.4     5
40.5     4
40.5     3
40.5     3
40.5     3
40.5     4
40.6     5
40.6     5
40.6     5
40.6     4
40.6     3
40.7     2
40.7     1
40.7     1
40.7     1
40.7     2
40.8     3
40.8     3
40.8     4
40.8     4
40.8     4
40.9     3
40.9     3
40.9     2
40.9     1
40.9     0
41.0     0
41.0     0
41.0     1
41.0     1
41.0     2
41.1     3
41.1     3
41.1     3
41.1     3
41.1     3
41.2     3
41.2     3
41.2     3
41.2     3
41.2     3
41.3     2
41.3     2
41.3     1
41.3     1
41.3     1
41.4     1
41.4     2
41.4     2
41.4     2
41.4     2
41.5     2
41.5     2
41.5     2
41.5     2
41.5     2
41.6     2
41.6     2
41.6     1
41.6     1
41.6     1
41.7     1
41.7     1
41.7     1
41.7     1
41.7     1
41.8     1
41.8     2
41.8     2
41.8     2
41.8     2
41.9     1
41.9     1
41.9     0
41.9     0
41.9     0
42.0     0
42.0     1
42.0     1
42.0     2
42.0     2
42.1     2
42.1     1
42.1     1
42.1     1
42.1     1
42.2     1
42.2     1
42.2     1
42.2     1
42.2     2
42.3     2
42.3     2
42.3     2
42.3     2
42.3     1
42.4     1
42.4     1
42.4     1
42.4     1
42.4     1
42.5     1
42.5     1
42.5     2
42.5     2
42.5     2
42.6     2
42.6     1
42.6     1
42.6     1
42.6     0
42.7     0
42.7     0
42.7     1
42.7     2
42.7     3
42.8     3
42.8     3
42.8     3
42.8     2
42.8     2
42.9     2
42.9     2
42.9     3
42.9     4
42.9     5
43.0     5
43.0     4
43.0     3
43.0     2
43.0     1
43.1     1
43.1     1
43.1     2
43.1     3
43.1     3
43.2     4
43.2     4
43.2     4
43.2     4
43.2     4
43.3     5
43.3     6
43.3     7
43.3     7
43.3     7
43.4     6
43.4     5
43.4     4
43.4     4
43.4     3
43.5     3
43.5     3
43.5     3
43.5     2
43.5     2
43.6     2
43.6     2
43.6     2
43.6     2
43.6     2
43.7     1
43.7     1
43.7     0
43.7     0
43.7     0
43.8     0
43.8     0
43.8     1
43.8     1
43.8     2
43.9     3
43.9     3
43.9     3
43.9     3
43.9     3
44.0     2
44.0     2
44.0     2
44.0     1
44.0     1
44.1     0
44.1     0
44.1     0
44.1     1
44.1     2
44.2     2
44.2     2
44.2     2
44.2     1
44.2     1
44.3     1
44.3     1
44.3     2
44.3     2
44.3     2
44.4     2
44.4     2
44.4     2
44.4     2
44.4     2
44.5     2
44.5     2
44.5     2
44.5     2
44.5     2
44.6     2
44.6     2
44.6     2
44.6     2
44.6     2
44.7     2
44.7     2
44.7     2
44.7     1
44.7     1
44.8     1
44.8     2
44.8     2
44.8     2
44.8     3
44.9     3
44.9     3
44.9     4
44.9     4
44.9     4
45.0     4
45.0     3
45.0     2
45.0     1
45.0     1
45.1     1
45.1     1
45.1     2
45.1     2
45.1     3
45.2     3
45.2     3
45.2     3
45.2     3
45.2     3
45.3     3
45.3     3
45.3     3
45.3     4
45.3     4
45.4     5
45.4     5
45.4     5
45.4     4
45.4     4
45.5     3
45.5     2
45.5     2
45.5     2
45.5     3
45.6     3
45.6     3
45.6     3
45.6     3
45.6     3
45.7     3
45.7     3
45.7     3
45.7     3
45.7     3
45.8     3
45.8     3
45.8     4
45.8     4
45.8     5
45.9     5
45.9     5
45.9     5
45.9     4
45.9     3
46.0     2
46.0     1
46.0     1
46.0     1
46.0     2
46.1     3
46.1     4
46.1     5
46.1     5
46.1     5
46.2     4
46.2     4
46.2     3
46.2     3
46.2     3
46.3     3
46.3     4
46.3     4
46.3     3
46.3     3
46.4     2
46.4     2
46.4     1
46.4     1
46.4     1
46.5     1
46.5     1
46.5     2
46.5     3
46.5     4
46.6     5
46.6     6
46.6     6
46.6     6
46.6     5
46.7     4
46.7     4
46.7     3
46.7     3
46.7     3
46.8     3
46.8     3
46.8     3
46.8     3
46.8     2
46.9     2
46.9     2
46.9     2
46.9     3
46.9     3
47.0     3
47.0     3
47.0     2
47.0     1
47.0     0
47.1     0
47.1     0
47.1     0
47.1     1
47.1     2
47.2     3
47.2     5
47.2     6
47.2     7
47.2     7
47.3     7
47.3     6
47.3     4
47.3     3
47.3     2
47.4     1
47.4     0
47.4     0
47.4     1
47.4     1
47.5     2
47.5     3
47.5     3
47.5     4
47.5     5
47.6     5
47.6     5
47.6     4
47.6     3
47.6     2
47.7     1
47.7     1
47.7     1
47.7     1
47.7     2
47.8     2
47.8     3
47.8     3
47.8     3
47.8     3
47.9     2
47.9     1
47.9     0
47.9     0
47.9     0
48.0     0
48.0     1
48.0     1
48.0     2
48.0     2
48.1     3
48.1     3
48.1     3
48.1     3
48.1     3
48.2     3
48.2     3
48.2     3
48.2     3
48.2     2
48.3     2
48.3     2
48.3     2
48.3     1
48.3     1
48.4     1
48.4     1
48.4     2
48.4     2
48.4     2
48.5     3
48.5     3
48.5     3
48.5     2
48.5     2
48.6     2
48.6     1
48.6     1
48.6     1
48.6     1
48.7     1
48.7     1
48.7     1
48.7     1
48.7     1
48.8     1
48.8     1
48.8     1
48.8     1
48.8     1
48.9     2
48.9     2
48.9     2
48.9     3
48.9     3
49.0     3
49.0     2
49.0     2
49.0     2
49.0     2
49.1     2
49.1     1
49.1     1
49.1     1
49.1     1
49.2     1
49.2     1
49.2     1
49.2     2
49.2     2
49.3     3
49.3     3
49.3     3
49.3     3
49.3     2
49.4     1
49.4     1
49.4     0
49.4     0
49.4     0
49.5     0
49.5     1
49.5     2
49.5     3
49.5     3
49.6     3
49.6     3
49.6     2
49.6     2
49.6     2
49.7     1
49.7     1
49.7     1
49.7     1
49.7     1
49.8     1
49.8     1
49.8     1
49.8     1
49.8     1
49.9     1
49.9     1
49.9     1
49.9     2
49.9     2
50.0     2
50.0     2
50.0     1
50.0     0
50.0     0
50.1     0
50.1     1
50.1     2
50.1     2
50.1     3
50.2     3
50.2     3
50.2     2
50.2     2
50.2     2
50.3     2
50.3     2
50.3     2
50.3     2
50.3     2
50.4     2
50.4     1
50.4     1
50.4     2
50.4     2
50.5     3
50.5     3
50.5     3
50.5     3
50.5     2
50.6     2
50.6     2
50.6     1
50.6     1
50.6     1
50.7     1
50.7     2
50.7     2
50.7     3
50.7     3
50.8     3
50.8     3
50.8     2
50.8     2
50.8     1
50.9     1
50.9     1
50.9     2
50.9     2
50.9     3
51.0     3
51.0     3
51.0     2
51.0     2
51.0     1
51.1     1
51.1     1
51.1     1
51.1     1
51.1     2
51.2     3
51.2     4
51.2     4
51.2     4
51.2     3
51.3     2
51.3     1
51.3     1
51.3     1
51.3     1
51.4     2
51.4     2
51.4     3
51.4     3
51.4     3
51.5     2
51.5     2
51.5     2
51.5     2
51.5     3
51.6     3
51.6     4
51.6     4
51.6     4
51.6     4
51.7     3
51.7     2
51.7     1
51.7     1
51.7     1
51.8     1
51.8     1
51.8     1
51.8     1
51.8     2
51.9     2
51.9     3
51.9     3
51.9     3
51.9     2
52.0     2
52.0     2
52.0     1
52.0     1
52.0     2
52.1     2
52.1     3
52.1     3
52.1     3
52.1     3
52.2     2
52.2     2
52.2     2
52.2     3
52.2     3
52.3     3
52.3     3
52.3     3
52.3     3
52.3     2
52.4     2
52.4     2
52.4     2
52.4     2
52.4     2
52.5     2
52.5     2
52.5     2
52.5     2
52.5     1
52.6     1
52.6     1
52.6     1
52.6     1
52.6     1
52.7     1
52.7     1
52.7     2
52.7     2
52.7     2
52.8     3
52.8     3
52.8     3
52.8     3
52.8     2
52.9     2
52.9     2
52.9     1
52.9     1
52.9     1
53.0     1
53.0     1
53.0     2
53.0     2
53.0     2
53.1     3
53.1     3
53.1     3
53.1     3
53.1     2
53.2     2
53.2     1
53.2     1
53.2     1
53.2     1
53.3     1
53.3     2
53.3     2
53.3     2
53.3     3
53.4     3
53.4     3
53.4     3
53.4     2
53.4     2
53.5     2
53.5     2
53.5     2
53.5     1
53.5     1
53.6     1
53.6     2
53.6     3
53.6     4
53.6     5
53.7     6
53.7     6
53.7     5
53.7     4
53.7     4
53.8     3
53.8     3
53.8     4
53.8     5
53.8     6
53.9     7
53.9     7
53.9     6
53.9     6
53.9     5
54.0     4
54.0     4
54.0     3
54.0     2
54.0     2
54.1     2
54.1     3
54.1     4
54.1     5
54.1     5
54.2     5
54.2     4
54.2     3
54.2     2
54.2     2
54.3     2
54.3     3
54.3     4
54.3     5
54.3     6
54.4     6
54.4     6
54.4     6
54.4     5
54.4     5
54.5     5
54.5     5
54.5     5
54.5     4
54.5     3
54.6     2
54.6     1
54.6     1
54.6     1
54.6     2
54.7     3
54.7     5
54.7     7
54.7     8
54.7     9
54.8     9
54.8     9
54.8     8
54.8     7
54.8     5
54.9     4
54.9     3
54.9     3
54.9     3
54.9     4
55.0     5
55.0     5
55.0     5
55.0     5
55.0     4
55.1     4
55.1     4
55.1     4
55.1     4
55.1     4
55.2     5
55.2     5
55.2     5
55.2     5
55.2     4
55.3     3
55.3     2
55.3     2
55.3     2
55.3     2
55.4     3
55.4     4
55.4     5
55.4     6
55.4     7
55.5     8
55.5     8
55.5     8
55.5     7
55.5     6
55.6     5
55.6     3
55.6     2
55.6     1
55.6     1
55.7     2
55.7     3
55.7     5
55.7     7
55.7     8
55.8     8
55.8     8
55.8     7
55.8     5
55.8     4
55.9     3
55.9     2
55.9     2
55.9     3
55.9     4
56.0     5
56.0     6
56.0     6
56.0     6
56.0     6
56.1     5
56.1     5
56.1     5
56.1     4
56.1     4
56.2     5
56.2     5
56.2     6
56.2     7
56.2     7
56.3     6
56.3     5
56.3     4
56.3     3
56.3     2
56.4     1
56.4     0
56.4     0
56.4     1
56.4     2
56.5     3
56.5     4
56.5     5
56.5     6
56.5     6
56.6     6
56.6     5
56.6     5
56.6     4
56.6     4
56.7     4
56.7     4
56.7     3
56.7     3
56.7     3
56.8     3
56.8     3
56.8     4
56.8     4
56.8     4
56.9     5
56.9     5
56.9     5
56.9     5
56.9     4
57.0     4
57.0     4
57.0     5
57.0     6
57.0     8
57.1     9
57.1     10
57.1     10
57.1     10
57.1     9
57.2     8
57.2     7
57.2     6
57.2     5
57.2     5
57.3     5
57.3     5
57.3     6
57.3     7
57.3     8
57.4     9
57.4     10
57.4     10
57.4     9
57.4     8
57.5     6
57.5     4
57.5     3
57.5     2
57.5     1
57.6     1
57.6     2
57.6     3
57.6     4
57.6     5
57.7     6
57.7     6
57.7     6
57.7     6
57.7     5
57.8     5
57.8     5
57.8     4
57.8     4
57.8     4
57.9     4
57.9     4
57.9     4
57.9     3
57.9     3
58.0     2
58.0     2
58.0     1
58.0     1
58.0     1
58.1     1
58.1     2
58.1     3
58.1     3
58.1     3
58.2     2
58.2     2
58.2     1
58.2     1
58.2     1
58.3     1
58.3     1
58.3     1
58.3     1
58.3     1
58.4     2
58.4     2
58.4     3
58.4     3
58.4     3
58.5     3
58.5     3
58.5     3
58.5     3
58.5     3
58.6     3
58.6     3
58.6     3
58.6     3
58.6     3
58.7     3
58.7     3
58.7     3
58.7     3
58.7     3
58.8     3
58.8     3
58.8     3
58.8     3
58.8     3
58.9     3
58.9     3
58.9     3
58.9     2
58.9     2
59.0     2
59.0     2
59.0     2
59.0     2
59.0     3
59.1     3
59.1     2
59.1     2
59.1     1
59.1     1
59.2     1
59.2     1
59.2     1
59.2     2
59.2     2
59.3     3
59.3     3
59.3     3
59.3     3
59.3     2
59.4     2
59.4     2
59.4     2
59.4     2
59.4     2
59.5     2
59.5     2
59.5     2
59.5     2
59.5     3
59.6     3
59.6     4
59.6     4
59.6     3
59.6     3
59.7     2
59.7     2
59.7     1
59.7     1
59.7     1
59.8     1
59.8     1
59.8     1
59.8     2
59.8     3
59.9     3
59.9     4
59.9     5
59.9     5
59.9     5
60.0     5
60.0     5
60.0     5
60.0     5
60.0     5
60.1     5
60.1     5
60.1     5
60.1     4
60.1     3
60.2     2
60.2     2
60.2     2
60.2     3
60.2     4
60.3     4
60.3     4
60.3     4
60.3     3
60.3     3
60.4     2
60.4     2
60.4     3
60.4     3
60.4     3
60.5     3
60.5     4
60.5     4
60.5     5
60.5     5
60.6     5
60.6     4
60.6     3
60.6     2
60.6     2
60.7     1
60.7     1
60.7     2
60.7     2
60.7     2
60.8     2
60.8     1
60.8     1
60.8     1
60.8     1
60.9     2
60.9     2
60.9     2
60.9     2
60.9     2
61.0     2
61.0     3
61.0     3
61.0     3
61.0     2
61.1     2
61.1     2
61.1     1
61.1     1
61.1     1
61.2     1
61.2     1
61.2     1
61.2     2
61.2     3
61.3     4
61.3     4
61.3     4
61.3     4
61.3     3
61.4     3
61.4     3
61.4     2
61.4     2
61.4     2
61.5     2
61.5     2
61.5     2
61.5     2
61.5     3
61.6     4
61.6     5
61.6     5
61.6     5
61.6     4
61.7     3
61.7     2
61.7     1
61.7     1
61.7     1
61.8     2
61.8     2
61.8     3
61.8     3
61.8     3
61.9     3
61.9     2
61.9     2
61.9     2
61.9     2
62.0     2
62.0     2
62.0     2
62.0     2
62.0     2
62.1     2
62.1     3
62.1     3
62.1     4
62.1     4
62.2     4
62.2     4
62.2     3
62.2     3
62.2     2
62.3     1
62.3     1
62.3     1
62.3     1
62.3     2
62.4     3
62.4     4
62.4     5
62.4     6
62.4     7
62.5     8
62.5     8
62.5     8
62.5     7
62.5     7
62.6     6
62.6     6
62.6     6
62.6     6
62.6     6
62.7     7
62.7     7
62.7     7
62.7     8
62.7     8
62.8     8
62.8     8
62.8     8
62.8     8
62.8     9
62.9     9
62.9     10
62.9     10
62.9     10
62.9     9
63.0     8
63.0     7
63.0     6
63.0     6
63.0     6
63.1     6
63.1     6
63.1     6
63.1     6
63.1     5
63.2     5
63.2     4
63.2     4
63.2     4
63.2     4
63.3     4
63.3     5
63.3     5
63.3     6
63.3     6
63.4     6
63.4     6
63.4     5
63.4     4
63.4     4
63.5     3
63.5     2
63.5     2
63.5     1
63.5     1
63.6     1
63.6     1
63.6     1
63.6     1
63.6     2
63.7     2
63.7     3
63.7     3
63.7     3
63.7     3
63.8     4
63.8     4
63.8     4
63.8     4
63.8     5
63.9     5
63.9     4
63.9     4
63.9     3
63.9     2
64.0     1
64.0     1
64.0     1
64.0     1
64.0     1
64.1     2
64.1     3
64.1     3
64.1     4
64.1     4
64.2     4
64.2     4
64.2     3
64.2     3
64.2     2
64.3     2
64.3     1
64.3     1
64.3     1
64.3     1
64.4     1
64.4     2
64.4     3
64.4     4
64.4     4
64.5     4
64.5     4
64.5     4
64.5     4
64.5     3
64.6     3
64.6     2
64.6     1
64.6     1
64.6     1
64.7     2
64.7     2
64.7     3
64.7     4
64.7     4
64.8     4
64.8     4
64.8     3
64.8     3
64.8     2
64.9     2
64.9     2
64.9     1
64.9     1
64.9     0
65.0     0
65.0     0
65.0     1
65.0     1
65.0     2
65.1     3
65.1     3
65.1     3
65.1     3
65.1     3
65.2     3
65.2     3
65.2     3
65.2     3
65.2     3
65.3     2
65.3     2
65.3     2
65.3     2
65.3     2
65.4     1
65.4     1
65.4     1
65.4     1
65.4     1
65.5     1
65.5     2
65.5     3
65.5     3
65.5     4
65.6     4
65.6     4
65.6     4
65.6     3
65.6     3
65.7     2
65.7     2
65.7     2
65.7     2
65.7     3
65.8     3
65.8     3
65.8     3
65.8     3
65.8     2
65.9     2
65.9     1
65.9     1
65.9     2
65.9     2
66.0     3
66.0     3
66.0     2
66.0     2
66.0     1
66.1     1
66.1     2
66.1     2
66.1     2
66.1     2
66.2     3
66.2     3
66.2     4
66.2     4
66.2     4
66.3     4
66.3     3
66.3     3
66.3     3
66.3     3
66.4     3
66.4     3
66.4     3
66.4     3
66.4     3
66.5     3
66.5     3
66.5     3
66.5     2
66.5     2
66.6     2
66.6     2
66.6     2
66.6     2
66.6     2
66.7     2
66.7     2
66.7     2
66.7     2
66.7     2
66.8     2
66.8     2
66.8     2
66.8     2
66.8     2
66.9     2
66.9     2
66.9     2
66.9     2
66.9     2
67.0     1
67.0     1
67.0     1
67.0     1
67.0     1
67.1     1
67.1     2
67.1     2
67.1     2
67.1     2
67.2     3
67.2     3
67.2     4
67.2     4
67.2     4
67.3     4
67.3     4
67.3     3
67.3     2
67.3     1
67.4     1
67.4     1
67.4     1
67.4     1
67.4     2
67.5     2
67.5     2
67.5     3
67.5     3
67.5     3
67.6     2
67.6     2
67.6     2
67.6     1
67.6     1
67.7     2
67.7     2
67.7     3
67.7     3
67.7     3
67.8     2
67.8     2
67.8     1
67.8     1
67.8     1
67.9     1
67.9     1
67.9     1
67.9     1
67.9     1
68.0     2
68.0     2
68.0     3
68.0     4
68.0     4
68.1     4
68.1     4
68.1     3
68.1     3
68.1     3
68.2     2
68.2     2
68.2     2
68.2     2
68.2     2
68.3     2
68.3     1
68.3     1
68.3     1
68.3     2
68.4     2
68.4     3
68.4     3
68.4     3
68.4     3
68.5     3
68.5     4
68.5     5
68.5     6
68.5     6
68.6     6
68.6     5
68.6     4
68.6     3
68.6     2
68.7     2
68.7     2
68.7     2
68.7     2
68.7     2
68.8     2
68.8     2
68.8     3
68.8     3
68.8     4
68.9     4
68.9     4
68.9     4
68.9     3
68.9     3
69.0     2
69.0     2
69.0     2
69.0     2
69.0     2
69.1     2
69.1     1
69.1     1
69.1     1
69.1     1
69.2     2
69.2     3
69.2     4
69.2     4
69.2     4
69.3     4
69.3     4
69.3     4
69.3     3
69.3     3
69.4     3
69.4     3
69.4     3
69.4     3
69.4     4
69.5     4
69.5     4
69.5     4
69.5     4
69.5     3
69.6     3
69.6     3
69.6     3
69.6     3
69.6     3
69.7     3
69.7     4
69.7     4
69.7     4
69.7     4
69.8     3
69.8     3
69.8     3
69.8     2
69.8     2
69.9     2
69.9     2
69.9     2
69.9     2
69.9     2
70.0     2
70.0     2
70.0     3
70.0     3
70.0     3
70.1     3
70.1     3
70.1     3
70.1     3
70.1     4
70.2     5
70.2     6
70.2     6
70.2     6
70.2     5
70.3     4
70.3     3
70.3     3
70.3     3
70.3     3
70.4     3
70.4     3
70.4     3
70.4     3
70.4     3
70.5     3
70.5     2
70.5     2
70.5     2
70.5     2
70.6     3
70.6     3
70.6     3
70.6     3
70.6     3
70.7     4
70.7     4
70.7     5
70.7     5
70.7     5
70.8     5
70.8     4
70.8     4
70.8     4
70.8     5
70.9     5
70.9     5
70.9     4
70.9     4
70.9     4
71.0     4
71.0     4
71.0     3
71.0     3
71.0     2
71.1     2
71.1     2
71.1     2
71.1     3
71.1     4
71.2     5
71.2     6
71.2     6
71.2     7
71.2     7
71.3     6
71.3     6
71.3     5
71.3     4
71.3     4
71.4     4
71.4     4
71.4     4
71.4     3
71.4     3
71.5     2
71.5     2
71.5     3
71.5     3
71.5     3
71.6     4
71.6     4
71.6     4
71.6     4
71.6     5
71.7     5
71.7     5
71.7     5
71.7     4
71.7     4
71.8     4
71.8     4
71.8     4
71.8     3
71.8     3
71.9     3
71.9     3
71.9     3
71.9     3
71.9     3
72.0     3
72.0     3
72.0     3
72.0     3
72.0     3
72.1     3
72.1     4
72.1     4
72.1     4
72.1     4
72.2     4
72.2     5
72.2     5
72.2     5
72.2     5
72.3     4
72.3     4
72.3     4
72.3     3
72.3     3
72.4     2
72.4     2
72.4     2
72.4     2
72.4     3
72.5     3
72.5     3
72.5     4
72.5     4
72.5     4
72.6     4
72.6     5
72.6     5
72.6     4
72.6     4
72.7     3
72.7     2
72.7     1
72.7     1
72.7     1
72.8     1
72.8     2
72.8     2
72.8     2
72.8     3
72.9     3
72.9     4
72.9     4
72.9     4
72.9     3
73.0     2
73.0     1
73.0     1
73.0     1
73.0     1
73.1     2
73.1     3
73.1     4
73.1     4
73.1     4
73.2     3
73.2     3
73.2     3
73.2     4
73.2     4
73.3     4
73.3     4
73.3     4
73.3     3
73.3     3
73.4     2
73.4     2
73.4     1
73.4     1
73.4     1
73.5     1
73.5     1
73.5     2
73.5     2
73.5     3
73.6     3
73.6     4
73.6     4
73.6     4
73.6     4
73.7     3
73.7     3
73.7     3
73.7     3
73.7     3
73.8     2
73.8     2
73.8     1
73.8     1
73.8     1
73.9     2
73.9     3
73.9     4
73.9     4
73.9     4
74.0     4
74.0     4
74.0     4
74.0     4
74.0     5
74.1     5
74.1     5
74.1     5
74.1     5
74.1     5
74.2     4
74.2     4
74.2     4
74.2     3
74.2     3
74.3     3
74.3     3
74.3     3
74.3     3
74.3     2
74.4     2
74.4     2
74.4     2
74.4     3
74.4     3
74.5     3
74.5     3
74.5     3
74.5     3
74.5     2
74.6     2
74.6     2
74.6     2
74.6     2
74.6     2
74.7     2
74.7     2
74.7     2
74.7     2
74.7     3
74.8     3
74.8     4
74.8     5
74.8     6
74.8     6
74.9     5
74.9     4
74.9     3
74.9     2
74.9     2
75.0     1
75.0     1
75.0     1
75.0     0
75.0     0
75.1     0
75.1     0
75.1     0
75.1     1
75.1     2
75.2     3
75.2     4
75.2     4
75.2     4
75.2     4
75.3     3
75.3     2
75.3     1
75.3     1
75.3     1
75.4     1
75.4     1
75.4     1
75.4     1
75.4     1
75.5     1
75.5     1
75.5     1
75.5     2
75.5     2
75.6     2
75.6     2
75.6     2
75.6     2
75.6     2
75.7     2
75.7     1
75.7     1
75.7     1
75.7     1
75.8     1
75.8     1
75.8     1
75.8     1
75.8     1
75.9     2
75.9     2
75.9     2
75.9     1
75.9     1
76.0     0
76.0     0
76.0     0
76.0     0
76.0     0
76.1     0
76.1     0
76.1     0
76.1     0
76.1     1
76.2     1
76.2     2
76.2     2
76.2     2
76.2     1
76.3     1
76.3     1
76.3     1
76.3     1
76.3     1
76.4     1
76.4     1
76.4     1
76.4     0
76.4     0
76.5     0
76.5     0
76.5     0
76.5     0
76.5     0
76.6     0
76.6     1
76.6     2
76.6     3
76.6     3
76.7     3
76.7     3
76.7     2
76.7     2
76.7     1
76.8     1
76.8     0
76.8     0
76.8     0
76.8     0
76.9     0
76.9     0
76.9     1
76.9     1
76.9     1
77.0     1
77.0     1
77.0     1
77.0     1
77.0     1
77.1     1
77.1     2
77.1     2
77.1     2
77.1     2
77.2     2
77.2     2
77.2     1
77.2     1
77.2     1
77.3     1
77.3     1
77.3     1
77.3     1
77.3     1
77.4     1
77.4     1
77.4     1
77.4     1
77.4     1
77.5     1
77.5     1
77.5     1
77.5     1
77.5     1
77.6     1
77.6     1
77.6     1
77.6     1
77.6     1
77.7     1
77.7     1
77.7     1
77.7     1
77.7     1
77.8     1
77.8     1
77.8     1
77.8     0
77.8     0
77.9     0
77.9     0
77.9     0
77.9     1
77.9     1
78.0     1
78.0     1
78.0     1
78.0     2
78.0     2
78.1     2
78.1     2
78.1     1
78.1     1
78.1     1
78.2     1
78.2     1
78.2     1
78.2     1
78.2     1
78.3     1
78.3     0
78.3     0
78.3     0
78.3     0
78.4     0
78.4     1
78.4     1
78.4     1
78.4     2
78.5     2
78.5     2
78.5     2
78.5     2
78.5     2
78.6     2
78.6     2
78.6     1
78.6     1
78.6     1
78.7     0
78.7     0
78.7     0
78.7     0
78.7     1
78.8     1
78.8     1
78.8     1
78.8     1
78.8     0
78.9     0
78.9     0
78.9     0
78.9     1
78.9     1
79.0     1
79.0     1
79.0     1
79.0     1
79.0     1
79.1     1
79.1     1
79.1     1
79.1     1
79.1     1
79.2     1
79.2     1
79.2     1
79.2     1
79.2     1
79.3     1
79.3     1
79.3     2
79.3     2
79.3     2
79.4     2
79.4     2
79.4     2
79.4     1
79.4     1
79.5     1
79.5     1
79.5     1
79.5     2
79.5     2
79.6     2
79.6     2
79.6     2
79.6     2
79.6     1
79.7     1
79.7     1
79.7     1
79.7     1
79.7     1
79.8     1
79.8     1
79.8     2
79.8     2
79.8     2
79.9     2
79.9     1
79.9     1
79.9     1
79.9     1
80.0     1
80.0     1
80.0     1
80.0     1
80.0     1
80.1     1
80.1     1
80.1     1
80.1     1
80.1     1
80.2     1
80.2     1
80.2     1
80.2     1
80.2     1
80.3     1
80.3     1
80.3     1
80.3     2
80.3     2
80.4     3
80.4     3
80.4     3
80.4     3
80.4     2
80.5     2
80.5     2
80.5     3
80.5     3
80.5     3
80.6     3
80.6     3
80.6     3
80.6     3
80.6     3
80.7     4
80.7     4
80.7     4
80.7     4
80.7     3
80.8     3
80.8     2
80.8     2
80.8     3
80.8     3
80.9     3
80.9     3
80.9     2
80.9     2
80.9     2
81.0     2
81.0     2
81.0     2
81.0     2
81.0     2
81.1     2
81.1     2
81.1     2
81.1     1
81.1     1
81.2     1
81.2     1
81.2     1
81.2     1
81.2     1
81.3     1
81.3     2
81.3     2
81.3     2
81.3     3
81.4     3
81.4     3
81.4     2
81.4     2
81.4     2
81.5     2
81.5     2
81.5     3
81.5     3
81.5     3
81.6     2
81.6     2
81.6     2
81.6     2
81.6     3
81.7     3
81.7     4
81.7     4
81.7     4
81.7     4
81.8     3
81.8     2
81.8     1
81.8     1
81.8     1
81.9     1
81.9     1
81.9     1
81.9     1
81.9     2
82.0     2
82.0     3
82.0     4
82.0     4
82.0     5
82.1     5
82.1     4
82.1     4
82.1     3
82.1     2
82.2     2
82.2     2
82.2     2
82.2     2
82.2     3
82.3     3
82.3     4
82.3     4
82.3     4
82.3     3
82.4     3
82.4     2
82.4     2
82.4     2
82.4     3
82.5     3
82.5     3
82.5     2
82.5     2
82.5     1
82.6     1
82.6     1
82.6     1
82.6     1
82.6     1
82.7     1
82.7     2
82.7     2
82.7     3
82.7     3
82.8     4
82.8     4
82.8     4
82.8     5
82.8     5
82.9     4
82.9     4
82.9     3
82.9     2
82.9     2
83.0     2
83.0     2
83.0     2
83.0     2
83.0     2
83.1     2
83.1     2
83.1     2
83.1     2
83.1     2
83.2     2
83.2     2
83.2     2
83.2     2
83.2     2
83.3     2
83.3     2
83.3     2
83.3     2
83.3     2
83.4     2
83.4     3
83.4     3
83.4     4
83.4     4
83.5     4
83.5     4
83.5     3
83.5     2
83.5     1
83.6     1
83.6     1
83.6     1
83.6     1
83.6     1
83.7     1
83.7     1
83.7     1
83.7     1
83.7     2
83.8     2
83.8     2
83.8     3
83.8     3
83.8     3
83.9     3
83.9     3
83.9     3
83.9     3
83.9     3
84.0     3
84.0     3
84.0     3
84.0     3
84.0     3
84.1     3
84.1     2
84.1     2
84.1     2
84.1     2
84.2     3
84.2     3
84.2     3
84.2     2
84.2     2
84.3     1
84.3     1
84.3     1
84.3     1
84.3     2
84.4     2
84.4     2
84.4     3
84.4     3
84.4     3
84.5     3
84.5     3
84.5     3
84.5     3
84.5     3
84.6     4
84.6     4
84.6     4
84.6     4
84.6     4
84.7     4
84.7     3
84.7     3
84.7     2
84.7     2
84.8     2
84.8     2
84.8     2
84.8     3
84.8     3
84.9     3
84.9     3
84.9     3
84.9     3
84.9     3
85.0     3
85.0     3
85.0     3
85.0     3
85.0     3
85.1     3
85.1     3
85.1     3
85.1     2
85.1     2
85.2     2
85.2     1
85.2     1
85.2     1
85.2     0
85.3     0
85.3     0
85.3     0
85.3     1
85.3     2
85.4     3
85.4     3
85.4     3
85.4     3
85.4     3
85.5     3
85.5     3
85.5     3
85.5     3
85.5     3
85.6     3
85.6     3
85.6     2
85.6     2
85.6     1
85.7     1
85.7     1
85.7     2
85.7     2
85.7     3
85.8     3
85.8     3
85.8     3
85.8     3
85.8     2
85.9     2
85.9     3
85.9     3
85.9     4
85.9     4
86.0     4
86.0     3
86.0     3
86.0     2
86.0     2
86.1     3
86.1     3
86.1     4
86.1     4
86.1     4
86.2     4
86.2     3
86.2     2
86.2     2
86.2     1
86.3     1
86.3     1
86.3     1
86.3     1
86.3     1
86.4     1
86.4     1
86.4     1
86.4     1
86.4     1
86.5     2
86.5     2
86.5     3
86.5     4
86.5     4
86.6     4
86.6     4
86.6     4
86.6     3
86.6     3
86.7     3
86.7     3
86.7     3
86.7     3
86.7     2
86.8     1
86.8     0
86.8     0
86.8     0
86.8     1
86.9     1
86.9     1
86.9     1
86.9     1
86.9     1
87.0     1
87.0     1
87.0     2
87.0     2
87.0     2
87.1     3
87.1     3
87.1     3
87.1     4
87.1     4
87.2     3
87.2     3
87.2     2
87.2     2
87.2     2
87.3     2
87.3     2
87.3     2
87.3     2
87.3     1
87.4     1
87.4     0
87.4     0
87.4     0
87.4     0
87.5     1
87.5     2
87.5     3
87.5     3
87.5     3
87.6     2
87.6     1
87.6     1
87.6     1
87.6     2
87.7     2
87.7     3
87.7     3
87.7     3
87.7     3
87.8     3
87.8     3
87.8     2
87.8     2
87.8     2
87.9     2
87.9     2
87.9     2
87.9     2
87.9     2
88.0     1
88.0     1
88.0     2
88.0     2
88.0     3
88.1     3
88.1     3
88.1     3
88.1     2
88.1     2
88.2     2
88.2     2
88.2     2
88.2     2
88.2     2
88.3     2
88.3     2
88.3     1
88.3     1
88.3     1
88.4     1
88.4     1
88.4     1
88.4     1
88.4     1
88.5     1
88.5     1
88.5     1
88.5     1
88.5     1
88.6     2
88.6     2
88.6     2
88.6     2
88.6     2
88.7     2
88.7     2
88.7     2
88.7     2
88.7     2
88.8     2
88.8     1
88.8     1
88.8     1
88.8     1
88.9     1
88.9     1
88.9     2
88.9     2
88.9     2
89.0     2
89.0     2
89.0     2
89.0     1
89.0     1
89.1     1
89.1     1
89.1     1
89.1     1
89.1     1
89.2     1
89.2     1
89.2     1
89.2     2
89.2     2
89.3     3
89.3     3
89.3     3
89.3     3
89.3     3
89.4     2
89.4     2
89.4     1
89.4     1
89.4     1
89.5     2
89.5     2
89.5     2
89.5     2
89.5     2
89.6     2
89.6     1
89.6     1
89.6     2
89.6     2
89.7     3
89.7     3
89.7     3
89.7     3
89.7     2
89.8     1
89.8     1
89.8     1
89.8     2
89.8     2
89.9     3
89.9     3
89.9     3
89.9     3
89.9     3
90.0     3
