XN2
10.0     1
10.0     1
10.0     1
10.0     1
10.0     1
10.1     1
10.1     1
10.1     1
10.1     1
10.1     0
10.2     0
10.2     0
10.2     1
10.2     1
10.2     1
10.3     1
10.3     1
10.3     1
10.3     1
10.3     1
10.4     1
10.4     1
10.4     2
10.4     2
10.4     2
10.5     3
10.5     3
10.5     3
10.5     3
10.5     2
10.6     2
10.6     2
10.6     2
10.6     2
10.6     2
10.7     2
10.7     1
10.7     1
10.7     1
10.7     2
10.8     2
10.8     2
10.8     2
10.8     2
10.8     2
10.9     2
10.9     2
10.9     2
10.9     2
10.9     3
11.0     3
11.0     3
11.0     3
11.0     2
11.0     2
11.1     2
11.1     2
11.1     3
11.1     3
11.1     3
11.2     3
11.2     3
11.2     3
11.2     3
11.2     3
11.3     2
11.3     2
11.3     1
11.3     1
11.3     1
11.4     2
11.4     2
11.4     2
11.4     2
11.4     2
11.5     2
11.5     1
11.5     1
11.5     1
11.5     1
11.6     2
11.6     2
11.6     2
11.6     2
11.6     2
11.7     2
11.7     2
11.7     2
11.7     2
11.7     2
11.8     2
11.8     2
11.8     2
11.8     2
11.8     2
11.9     2
11.9     2
11.9     2
11.9     2
11.9     2
12.0     2
12.0     2
12.0     1
12.0     1
12.0     1
12.1     1
12.1     1
12.1     2
12.1     2
12.1     3
12.2     3
12.2     2
12.2     2
12.2     2
12.2     2
12.3     3
12.3     3
12.3     3
12.3     3
12.3     2
12.4     2
12.4     2
12.4     2
12.4     2
12.4     2
12.5     2
12.5     2
12.5     2
12.5     2
12.5     1
12.6     1
12.6     1
12.6     1
12.6     1
12.6     1
12.7     1
12.7     1
12.7     1
12.7     1
12.7     2
12.8     2
12.8     2
12.8     2
12.8     2
12.8     2
12.9     2
12.9     2
12.9     1
12.9     1
12.9     1
13.0     2
13.0     2
13.0     2
13.0     3
13.0     3
13.1     3
13.1     3
13.1     2
13.1     2
13.1     2
13.2     2
13.2     2
13.2     1
13.2     1
13.2     1
13.3     0
13.3     0
13.3     0
13.3     0
13.3     1
13.4     1
13.4     1
13.4     1
13.4     2
13.4     2
13.5     2
13.5     2
13.5     2
13.5     2
13.5     1
13.6     1
13.6     1
13.6     1
13.6     2
13.6     2
13.7     3
13.7     3
13.7     3
13.7     4
13.7     4
13.8     4
13.8     4
13.8     4
13.8     3
13.8     3
13.9     2
13.9     1
13.9     1
13.9     1
13.9     2
14.0     3
14.0     3
14.0     3
14.0     2
14.0     1
14.1     1
14.1     1
14.1     1
14.1     2
14.1     2
14.2     2
14.2     2
14.2     2
14.2     2
14.2     2
14.3     2
14.3     2
14.3     2
14.3     2
14.3     2
14.4     2
14.4     2
14.4     2
14.4     2
14.4     2
14.5     2
14.5     2
14.5     2
14.5     2
14.5     2
14.6     2
14.6     2
14.6     2
14.6     2
14.6     2
14.7     2
14.7     2
14.7     2
14.7     2
14.7     2
14.8     2
14.8     2
14.8     2
14.8     2
14.8     2
14.9     2
14.9     2
14.9     3
14.9     3
14.9     3
15.0     4
15.0     4
15.0     4
15.0     3
15.0     3
15.1     3
15.1     3
15.1     3
15.1     3
15.1     3
15.2     3
15.2     3
15.2     3
15.2     3
15.2     3
15.3     3
15.3     3
15.3     2
15.3     2
15.3     2
15.4     1
15.4     1
15.4     2
15.4     2
15.4     3
15.5     3
15.5     3
15.5     4
15.5     4
15.5     5
15.6     5
15.6     5
15.6     4
15.6     4
15.6     3
15.7     3
15.7     3
15.7     3
15.7     3
15.7     3
15.8     3
15.8     3
15.8     3
15.8     3
15.8     3
15.9     3
15.9     3
15.9     2
15.9     2
15.9     2
16.0     2
16.0     2
16.0     2
16.0     2
16.0     2
16.1     2
16.1     2
16.1     2
16.1     3
16.1     3
16.2     3
16.2     4
16.2     4
16.2     3
16.2     3
16.3     2
16.3     2
16.3     1
16.3     1
16.3     2
16.4     2
16.4     3
16.4     3
16.4     3
16.4     3
16.5     3
16.5     2
16.5     2
16.5     2
16.5     2
16.6     2
16.6     2
16.6     2
16.6     2
16.6     2
16.7     3
16.7     3
16.7     4
16.7     4
16.7     4
16.8     4
16.8     4
16.8     4
16.8     3
16.8     3
16.9     3
16.9     2
16.9     2
16.9     2
16.9     1
17.0     1
17.0     1
17.0     1
17.0     1
17.0     2
17.1     2
17.1     2
17.1     2
17.1     2
17.1     2
17.2     2
17.2     2
17.2     2
17.2     2
17.2     2
17.3     2
17.3     2
17.3     3
17.3     3
17.3     3
17.4     3
17.4     3
17.4     2
17.4     2
17.4     1
17.5     1
17.5     1
17.5     2
17.5     2
17.5     2
17.6     2
17.6     2
17.6     2
17.6     1
17.6     1
17.7     2
17.7     2
17.7     3
17.7     3
17.7     2
17.8     2
17.8     2
17.8     2
17.8     3
17.8     3
17.9     4
17.9     4
17.9     3
17.9     3
17.9     2
18.0     2
18.0     2
18.0     2
18.0     2
18.0     2
18.1     1
18.1     1
18.1     1
18.1     1
18.1     2
18.2     2
18.2     2
18.2     3
18.2     3
18.2     3
18.3     3
18.3     3
18.3     3
18.3     3
18.3     3
18.4     4
18.4     4
18.4     4
18.4     4
18.4     3
18.5     3
18.5     2
18.5     1
18.5     1
18.5     1
18.6     1
18.6     1
18.6     1
18.6     1
18.6     1
18.7     1
18.7     1
18.7     1
18.7     1
18.7     1
18.8     2
18.8     2
18.8     2
18.8     2
18.8     1
18.9     1
18.9     1
18.9     1
18.9     2
18.9     2
19.0     3
19.0     3
19.0     3
19.0     3
19.0     3
19.1     3
19.1     4
19.1     4
19.1     4
19.1     3
19.2     3
19.2     2
19.2     2
19.2     2
19.2     2
19.3     2
19.3     2
19.3     2
19.3     2
19.3     2
19.4     2
19.4     1
19.4     1
19.4     1
19.4     1
19.5     1
19.5     2
19.5     2
19.5     3
19.5     3
19.6     2
19.6     2
19.6     2
19.6     2
19.6     2
19.7     3
19.7     3
19.7     3
19.7     2
19.7     2
19.8     2
19.8     2
19.8     3
19.8     4
19.8     4
19.9     4
19.9     3
19.9     2
19.9     2
19.9     2
20.0     2
20.0     3
20.0     3
20.0     3
20.0     3
20.1     3
20.1     2
20.1     2
20.1     2
20.1     2
20.2     2
20.2     2
20.2     1
20.2     1
20.2     1
20.3     2
20.3     2
20.3     3
20.3     3
20.3     3
20.4     3
20.4     3
20.4     3
20.4     2
20.4     2
20.5     2
20.5     2
20.5     3
20.5     3
20.5     4
20.6     4
20.6     4
20.6     4
20.6     3
20.6     3
20.7     3
20.7     3
20.7     3
20.7     3
20.7     3
20.8     4
20.8     4
20.8     4
20.8     5
20.8     5
20.9     5
20.9     5
20.9     4
20.9     3
20.9     2
21.0     2
21.0     2
21.0     2
21.0     2
21.0     1
21.1     1
21.1     1
21.1     1
21.1     2
21.1     2
21.2     3
21.2     4
21.2     4
21.2     4
21.2     3
21.3     2
21.3     2
21.3     2
21.3     2
21.3     3
21.4     3
21.4     4
21.4     4
21.4     3
21.4     3
21.5     2
21.5     2
21.5     2
21.5     1
21.5     1
21.6     1
21.6     1
21.6     2
21.6     2
21.6     2
21.7     2
21.7     2
21.7     2
21.7     2
21.7     3
21.8     3
21.8     4
21.8     4
21.8     3
21.8     3
21.9     3
21.9     3
21.9     3
21.9     3
21.9     3
22.0     3
22.0     3
22.0     3
22.0     4
22.0     4
22.1     4
22.1     4
22.1     3
22.1     3
22.1     3
22.2     2
22.2     2
22.2     2
22.2     2
22.2     2
22.3     3
22.3     3
22.3     3
22.3     2
22.3     2
22.4     2
22.4     1
22.4     1
22.4     1
22.4     1
22.5     1
22.5     1
22.5     1
22.5     2
22.5     2
22.6     3
22.6     3
22.6     3
22.6     3
22.6     2
22.7     2
22.7     2
22.7     3
22.7     3
22.7     3
22.8     3
22.8     3
22.8     3
22.8     3
22.8     3
22.9     3
22.9     2
22.9     2
22.9     2
22.9     2
23.0     2
23.0     2
23.0     2
23.0     2
23.0     2
23.1     2
23.1     2
23.1     1
23.1     1
23.1     1
23.2     1
23.2     1
23.2     1
23.2     1
23.2     1
23.3     1
23.3     1
23.3     2
23.3     2
23.3     2
23.4     3
23.4     3
23.4     3
23.4     3
23.4     3
23.5     3
23.5     2
23.5     2
23.5     2
23.5     2
23.6     2
23.6     3
23.6     3
23.6     3
23.6     3
23.7     2
23.7     2
23.7     2
23.7     2
23.7     1
23.8     1
23.8     1
23.8     0
23.8     0
23.8     0
23.9     1
23.9     2
23.9     3
23.9     4
23.9     4
24.0     4
24.0     3
24.0     3
24.0     3
24.0     3
24.1     3
24.1     3
24.1     3
24.1     3
24.1     3
24.2     2
24.2     2
24.2     2
24.2     2
24.2     2
24.3     3
24.3     3
24.3     2
24.3     2
24.3     1
24.4     1
24.4     1
24.4     1
24.4     1
24.4     2
24.5     2
24.5     2
24.5     2
24.5     2
24.5     1
24.6     1
24.6     1
24.6     2
24.6     3
24.6     4
24.7     5
24.7     5
24.7     5
24.7     4
24.7     2
24.8     1
24.8     0
24.8     0
24.8     1
24.8     1
24.9     1
24.9     1
24.9     1
24.9     1
24.9     1
25.0     2
25.0     2
25.0     3
25.0     3
25.0     3
25.1     3
25.1     2
25.1     2
25.1     1
25.1     1
25.2     1
25.2     2
25.2     2
25.2     3
25.2     4
25.3     5
25.3     6
25.3     6
25.3     5
25.3     4
25.4     3
25.4     2
25.4     1
25.4     1
25.4     1
25.5     1
25.5     2
25.5     2
25.5     2
25.5     2
25.6     2
25.6     2
25.6     2
25.6     3
25.6     3
25.7     4
25.7     4
25.7     4
25.7     4
25.7     4
25.8     4
25.8     3
25.8     3
25.8     2
25.8     2
25.9     1
25.9     1
25.9     2
25.9     3
25.9     4
26.0     5
26.0     5
26.0     5
26.0     4
26.0     3
26.1     2
26.1     1
26.1     1
26.1     1
26.1     1
26.2     2
26.2     2
26.2     2
26.2     3
26.2     4
26.3     5
26.3     6
26.3     7
26.3     7
26.3     7
26.4     6
26.4     6
26.4     5
26.4     4
26.4     4
26.5     4
26.5     4
26.5     5
26.5     6
26.5     7
26.6     7
26.6     6
26.6     5
26.6     4
26.6     4
26.7     3
26.7     3
26.7     3
26.7     3
26.7     3
26.8     4
26.8     5
26.8     6
26.8     6
26.8     5
26.9     4
26.9     3
26.9     2
26.9     2
26.9     3
27.0     3
27.0     4
27.0     5
27.0     5
27.0     6
27.1     6
27.1     6
27.1     6
27.1     6
27.1     5
27.2     4
27.2     3
27.2     3
27.2     3
27.2     3
27.3     4
27.3     4
27.3     5
27.3     5
27.3     4
27.4     4
27.4     4
27.4     4
27.4     4
27.4     4
27.5     4
27.5     4
27.5     4
27.5     4
27.5     4
27.6     4
27.6     4
27.6     4
27.6     4
27.6     4
27.7     4
27.7     4
27.7     3
27.7     3
27.7     2
27.8     2
27.8     2
27.8     2
27.8     3
27.8     3
27.9     4
27.9     5
27.9     6
27.9     6
27.9     6
28.0     5
28.0     4
28.0     3
28.0     2
28.0     1
28.1     1
28.1     1
28.1     1
28.1     1
28.1     1
28.2     1
28.2     2
28.2     3
28.2     4
28.2     5
28.3     5
28.3     5
28.3     4
28.3     3
28.3     2
28.4     1
28.4     1
28.4     1
28.4     1
28.4     1
28.5     1
28.5     1
28.5     1
28.5     2
28.5     3
28.6     4
28.6     4
28.6     4
28.6     3
28.6     3
28.7     2
28.7     2
28.7     2
28.7     2
28.7     1
28.8     1
28.8     1
28.8     1
28.8     2
28.8     2
28.9     2
28.9     2
28.9     2
28.9     2
28.9     2
29.0     2
29.0     3
29.0     3
29.0     4
29.0     4
29.1     4
29.1     3
29.1     2
29.1     2
29.1     1
29.2     1
29.2     0
29.2     0
29.2     0
29.2     0
29.3     1
29.3     1
29.3     1
29.3     1
29.3     0
29.4     0
29.4     0
29.4     0
29.4     0
29.4     1
29.5     1
29.5     1
29.5     1
29.5     2
29.5     2
29.6     2
29.6     3
29.6     3
29.6     3
29.6     2
29.7     2
29.7     2
29.7     1
29.7     1
29.7     1
29.8     1
29.8     0
29.8     0
29.8     0
29.8     0
29.9     0
29.9     0
29.9     0
29.9     0
29.9     0
30.0     1
30.0     2
30.0     3
30.0     3
30.0     4
30.1     4
30.1     4
30.1     4
30.1     4
30.1     4
30.2     5
30.2     6
30.2     7
30.2     7
30.2     7
30.3     6
30.3     5
30.3     4
30.3     3
30.3     3
30.4     3
30.4     3
30.4     3
30.4     3
30.4     2
30.5     2
30.5     2
30.5     1
30.5     1
30.5     1
30.6     1
30.6     1
30.6     1
30.6     1
30.6     2
30.7     3
30.7     4
30.7     4
30.7     3
30.7     2
30.8     1
30.8     1
30.8     1
30.8     1
30.8     2
30.9     2
30.9     3
30.9     3
30.9     3
30.9     2
31.0     2
31.0     2
31.0     1
31.0     1
31.0     1
31.1     1
31.1     2
31.1     2
31.1     2
31.1     1
31.2     1
31.2     1
31.2     1
31.2     1
31.2     1
31.3     2
31.3     3
31.3     3
31.3     4
31.3     5
31.4     6
31.4     6
31.4     5
31.4     4
31.4     3
31.5     2
31.5     1
31.5     1
31.5     1
31.5     2
31.6     2
31.6     2
31.6     2
31.6     2
31.6     3
31.7     3
31.7     4
31.7     4
31.7     4
31.7     4
31.8     3
31.8     3
31.8     2
31.8     2
31.8     2
31.9     2
31.9     2
31.9     2
31.9     2
31.9     2
32.0     2
32.0     2
32.0     3
32.0     3
32.0     3
32.1     4
32.1     5
32.1     6
32.1     7
32.1     8
32.2     8
32.2     8
32.2     7
32.2     6
32.2     5
32.3     4
32.3     3
32.3     3
32.3     3
32.3     3
32.4     3
32.4     3
32.4     4
32.4     4
32.4     5
32.5     6
32.5     6
32.5     6
32.5     5
32.5     5
32.6     4
32.6     4
32.6     4
32.6     4
32.6     5
32.7     5
32.7     5
32.7     5
32.7     5
32.7     4
32.8     4
32.8     4
32.8     5
32.8     5
32.8     5
32.9     5
32.9     4
32.9     3
32.9     2
32.9     1
33.0     1
33.0     2
33.0     3
33.0     4
33.0     4
33.1     4
33.1     3
33.1     2
33.1     2
33.1     2
33.2     2
33.2     3
33.2     3
33.2     3
33.2     4
33.3     4
33.3     4
33.3     4
33.3     4
33.3     4
33.4     4
33.4     4
33.4     4
33.4     4
33.4     3
33.5     3
33.5     3
33.5     2
33.5     2
33.5     2
33.6     2
33.6     2
33.6     2
33.6     2
33.6     2
33.7     2
33.7     3
33.7     4
33.7     5
33.7     6
33.8     7
33.8     7
33.8     6
33.8     5
33.8     4
33.9     3
33.9     3
33.9     3
33.9     3
33.9     3
34.0     3
34.0     2
34.0     2
34.0     2
34.0     3
34.1     4
34.1     4
34.1     4
34.1     4
34.1     3
34.2     2
34.2     1
34.2     1
34.2     1
34.2     1
34.3     2
34.3     2
34.3     2
34.3     3
34.3     3
34.4     3
34.4     3
34.4     2
34.4     2
34.4     1
34.5     1
34.5     1
34.5     2
34.5     3
34.5     4
34.6     4
34.6     3
34.6     2
34.6     1
34.6     1
34.7     2
34.7     3
34.7     4
34.7     6
34.7     7
34.8     7
34.8     6
34.8     5
34.8     3
34.8     2
34.9     1
34.9     1
34.9     2
34.9     2
34.9     3
35.0     3
35.0     3
35.0     3
35.0     2
35.0     2
35.1     2
35.1     2
35.1     2
35.1     2
35.1     3
35.2     3
35.2     3
35.2     4
35.2     4
35.2     4
35.3     4
35.3     3
35.3     3
35.3     4
35.3     5
35.4     7
35.4     9
35.4     11
35.4     13
35.4     15
35.5     17
35.5     20
35.5     23
35.5     26
35.5     29
35.6     30
35.6     31
35.6     30
35.6     28
35.6     25
35.7     21
35.7     17
35.7     14
35.7     12
35.7     11
35.8     11
35.8     10
35.8     10
35.8     9
35.8     8
35.9     7
35.9     7
35.9     6
35.9     6
35.9     5
36.0     4
36.0     3
36.0     2
36.0     2
36.0     2
36.1     2
36.1     2
36.1     2
36.1     2
36.1     2
36.2     1
36.2     1
36.2     1
36.2     1
36.2     1
36.3     2
36.3     2
36.3     2
36.3     2
36.3     2
36.4     1
36.4     1
36.4     1
36.4     1
36.4     1
36.5     1
36.5     1
36.5     1
36.5     2
36.5     2
36.6     2
36.6     3
36.6     3
36.6     3
36.6     2
36.7     2
36.7     2
36.7     2
36.7     3
36.7     4
36.8     5
36.8     5
36.8     5
36.8     4
36.8     3
36.9     2
36.9     1
36.9     1
36.9     2
36.9     2
37.0     3
37.0     3
37.0     3
37.0     2
37.0     2
37.1     2
37.1     2
37.1     2
37.1     3
37.1     3
37.2     3
37.2     3
37.2     3
37.2     4
37.2     4
37.3     4
37.3     5
37.3     5
37.3     5
37.3     4
37.4     4
37.4     4
37.4     3
37.4     3
37.4     2
37.5     2
37.5     1
37.5     0
37.5     0
37.5     0
37.6     1
37.6     1
37.6     2
37.6     2
37.6     3
37.7     3
37.7     4
37.7     4
37.7     3
37.7     3
37.8     3
37.8     3
37.8     4
37.8     4
37.8     4
37.9     3
37.9     2
37.9     2
37.9     2
37.9     2
38.0     3
38.0     3
38.0     3
38.0     3
38.0     3
38.1     3
38.1     3
38.1     2
38.1     2
38.1     2
38.2     1
38.2     1
38.2     1
38.2     2
38.2     3
38.3     4
38.3     4
38.3     4
38.3     3
38.3     2
38.4     1
38.4     0
38.4     0
38.4     1
38.4     2
38.5     3
38.5     4
38.5     4
38.5     4
38.5     4
38.6     4
38.6     4
38.6     3
38.6     3
38.6     2
38.7     2
38.7     2
38.7     2
38.7     3
38.7     4
38.8     5
38.8     5
38.8     5
38.8     4
38.8     3
38.9     2
38.9     2
38.9     2
38.9     2
38.9     3
39.0     3
39.0     3
39.0     3
39.0     2
39.0     2
39.1     1
39.1     1
39.1     2
39.1     3
39.1     4
39.2     5
39.2     5
39.2     4
39.2     3
39.2     2
39.3     1
39.3     1
39.3     1
39.3     2
39.3     2
39.4     3
39.4     3
39.4     3
39.4     3
39.4     3
39.5     3
39.5     3
39.5     3
39.5     3
39.5     3
39.6     3
39.6     3
39.6     3
39.6     3
39.6     2
39.7     2
39.7     2
39.7     2
39.7     3
39.7     3
39.8     4
39.8     4
39.8     4
39.8     4
39.8     3
39.9     3
39.9     2
39.9     1
39.9     1
39.9     1
40.0     1
40.0     2
40.0     3
40.0     3
40.0     4
40.1     4
40.1     3
40.1     3
40.1     2
40.1     2
40.2     2
40.2     2
40.2     2
40.2     2
40.2     1
40.3     1
40.3     1
40.3     1
40.3     1
40.3     2
40.4     3
40.4     4
40.4     5
40.4     5
40.4     4
40.5     4
40.5     2
40.5     2
40.5     1
40.5     1
40.6     2
40.6     3
40.6     4
40.6     5
40.6     5
40.7     5
40.7     4
40.7     4
40.7     3
40.7     3
40.8     3
40.8     4
40.8     4
40.8     4
40.8     4
40.9     4
40.9     3
40.9     3
40.9     2
40.9     2
41.0     2
41.0     3
41.0     4
41.0     4
41.0     5
41.1     5
41.1     5
41.1     5
41.1     4
41.1     3
41.2     2
41.2     2
41.2     2
41.2     2
41.2     3
41.3     3
41.3     3
41.3     3
41.3     3
41.3     3
41.4     3
41.4     3
41.4     3
41.4     3
41.4     3
41.5     3
41.5     3
41.5     3
41.5     3
41.5     3
41.6     3
41.6     3
41.6     4
41.6     4
41.6     4
41.7     3
41.7     3
41.7     2
41.7     1
41.7     1
41.8     1
41.8     1
41.8     1
41.8     1
41.8     1
41.9     1
41.9     1
41.9     1
41.9     2
41.9     3
42.0     3
42.0     4
42.0     4
42.0     4
42.0     3
42.1     3
42.1     3
42.1     3
42.1     3
42.1     3
42.2     3
42.2     3
42.2     3
42.2     3
42.2     4
42.3     5
42.3     6
42.3     7
42.3     7
42.3     6
42.4     5
42.4     4
42.4     2
42.4     1
42.4     1
42.5     1
42.5     2
42.5     3
42.5     3
42.5     4
42.6     5
42.6     5
42.6     5
42.6     5
42.6     4
42.7     3
42.7     3
42.7     2
42.7     2
42.7     2
42.8     2
42.8     2
42.8     2
42.8     3
42.8     4
42.9     4
42.9     5
42.9     5
42.9     5
42.9     5
43.0     4
43.0     4
43.0     3
43.0     3
43.0     4
43.1     5
43.1     6
43.1     7
43.1     8
43.1     9
43.2     9
43.2     10
43.2     10
43.2     9
43.2     8
43.3     7
43.3     6
43.3     6
43.3     7
43.3     8
43.4     9
43.4     9
43.4     8
43.4     7
43.4     6
43.5     4
43.5     3
43.5     2
43.5     1
43.5     1
43.6     1
43.6     2
43.6     2
43.6     3
43.6     3
43.7     3
43.7     3
43.7     2
43.7     2
43.7     1
43.8     1
43.8     1
43.8     1
43.8     1
43.8     1
43.9     2
43.9     2
43.9     2
43.9     2
43.9     2
44.0     2
44.0     1
44.0     1
44.0     1
44.0     1
44.1     1
44.1     2
44.1     2
44.1     2
44.1     1
44.2     1
44.2     1
44.2     2
44.2     2
44.2     3
44.3     3
44.3     2
44.3     2
44.3     1
44.3     0
44.4     0
44.4     0
44.4     1
44.4     1
44.4     2
44.5     2
44.5     2
44.5     1
44.5     1
44.5     0
44.6     0
44.6     0
44.6     1
44.6     2
44.6     3
44.7     3
44.7     3
44.7     2
44.7     1
44.7     1
44.8     1
44.8     1
44.8     2
44.8     2
44.8     1
44.9     1
44.9     0
44.9     0
44.9     0
44.9     1
45.0     1
45.0     2
45.0     2
45.0     2
45.0     1
45.1     1
45.1     0
45.1     0
45.1     0
45.1     1
45.2     1
45.2     2
45.2     3
45.2     3
45.2     2
45.3     2
45.3     1
45.3     0
45.3     0
45.3     0
45.4     1
45.4     1
45.4     2
45.4     2
45.4     2
45.5     2
45.5     2
45.5     2
45.5     2
45.5     3
45.6     3
45.6     3
45.6     3
45.6     2
45.6     2
45.7     1
45.7     1
45.7     1
45.7     2
45.7     2
45.8     3
45.8     4
45.8     4
45.8     4
45.8     4
45.9     3
45.9     2
45.9     1
45.9     1
45.9     1
46.0     1
46.0     2
46.0     2
46.0     2
46.0     2
46.1     2
46.1     2
46.1     1
46.1     1
46.1     1
46.2     1
46.2     1
46.2     2
46.2     2
46.2     2
46.3     2
46.3     2
46.3     2
46.3     3
46.3     3
46.4     3
46.4     3
46.4     3
46.4     3
46.4     2
46.5     2
46.5     2
46.5     2
46.5     2
46.5     2
46.6     2
46.6     2
46.6     2
46.6     2
46.6     1
46.7     1
46.7     1
46.7     1
46.7     1
46.7     1
46.8     2
46.8     2
46.8     2
46.8     2
46.8     2
46.9     2
46.9     2
46.9     3
46.9     3
46.9     3
47.0     3
47.0     2
47.0     2
47.0     1
47.0     1
47.1     0
47.1     0
47.1     0
47.1     0
47.1     1
47.2     1
47.2     1
47.2     2
47.2     2
47.2     2
47.3     2
47.3     2
47.3     2
47.3     2
47.3     2
47.4     2
47.4     2
47.4     2
47.4     1
47.4     1
47.5     1
47.5     2
47.5     2
47.5     3
47.5     3
47.6     2
47.6     2
47.6     2
47.6     2
47.6     2
47.7     2
47.7     2
47.7     2
47.7     1
47.7     1
47.8     1
47.8     1
47.8     1
47.8     2
47.8     3
47.9     4
47.9     4
47.9     4
47.9     4
47.9     3
48.0     2
48.0     1
48.0     1
48.0     1
48.0     1
48.1     1
48.1     1
48.1     2
48.1     2
48.1     2
48.2     2
48.2     2
48.2     2
48.2     2
48.2     2
48.3     2
48.3     1
48.3     1
48.3     1
48.3     1
48.4     1
48.4     2
48.4     2
48.4     3
48.4     3
48.5     3
48.5     2
48.5     2
48.5     1
48.5     1
48.6     1
48.6     0
48.6     0
48.6     0
48.6     0
48.7     1
48.7     1
48.7     2
48.7     3
48.7     3
48.8     4
48.8     4
48.8     4
48.8     4
48.8     3
48.9     2
48.9     1
48.9     1
48.9     1
48.9     2
49.0     3
49.0     4
49.0     4
49.0     4
49.0     3
49.1     2
49.1     1
49.1     1
49.1     1
49.1     2
49.2     4
49.2     5
49.2     6
49.2     6
49.2     6
49.3     5
49.3     4
49.3     3
49.3     2
49.3     2
49.4     2
49.4     2
49.4     2
49.4     3
49.4     3
49.5     3
49.5     2
49.5     1
49.5     1
49.5     1
49.6     2
49.6     2
49.6     3
49.6     3
49.6     3
49.7     4
49.7     4
49.7     4
49.7     4
49.7     3
49.8     2
49.8     1
49.8     1
49.8     1
49.8     2
49.9     3
49.9     4
49.9     4
49.9     4
49.9     4
50.0     4
50.0     3
50.0     3
50.0     3
50.0     3
50.1     3
50.1     3
50.1     2
50.1     2
50.1     2
50.2     2
50.2     3
50.2     3
50.2     3
50.2     3
50.3     3
50.3     3
50.3     2
50.3     2
50.3     2
50.4     2
50.4     2
50.4     2
50.4     2
50.4     3
50.5     3
50.5     3
50.5     2
50.5     2
50.5     1
50.6     1
50.6     2
50.6     2
50.6     3
50.6     3
50.7     3
50.7     3
50.7     2
50.7     2
50.7     1
50.8     1
50.8     1
50.8     1
50.8     2
50.8     2
50.9     3
50.9     3
50.9     3
50.9     3
50.9     2
51.0     2
51.0     2
51.0     2
51.0     2
51.0     2
51.1     3
51.1     3
51.1     3
51.1     3
51.1     2
51.2     2
51.2     2
51.2     2
51.2     2
51.2     3
51.3     3
51.3     3
51.3     4
51.3     4
51.3     4
51.4     4
51.4     3
51.4     3
51.4     3
51.4     3
51.5     3
51.5     3
51.5     3
51.5     4
51.5     4
51.6     4
51.6     4
51.6     4
51.6     3
51.6     2
51.7     1
51.7     0
51.7     0
51.7     1
51.7     1
51.8     2
51.8     3
51.8     4
51.8     4
51.8     4
51.9     3
51.9     2
51.9     2
51.9     1
51.9     1
52.0     1
52.0     1
52.0     1
52.0     2
52.0     2
52.1     2
52.1     2
52.1     2
52.1     2
52.1     2
52.2     2
52.2     2
52.2     2
52.2     2
52.2     2
52.3     1
52.3     1
52.3     1
52.3     2
52.3     2
52.4     2
52.4     2
52.4     1
52.4     1
52.4     1
52.5     1
52.5     1
52.5     1
52.5     2
52.5     2
52.6     2
52.6     2
52.6     3
52.6     3
52.6     3
52.7     4
52.7     4
52.7     4
52.7     3
52.7     3
52.8     2
52.8     2
52.8     2
52.8     2
52.8     2
52.9     3
52.9     3
52.9     4
52.9     4
52.9     4
53.0     3
53.0     2
53.0     1
53.0     1
53.0     0
53.1     0
53.1     1
53.1     2
53.1     4
53.1     5
53.2     6
53.2     6
53.2     6
53.2     5
53.2     4
53.3     3
53.3     2
53.3     1
53.3     0
53.3     0
53.4     0
53.4     1
53.4     2
53.4     2
53.4     2
53.5     2
53.5     1
53.5     1
53.5     1
53.5     1
53.6     2
53.6     2
53.6     3
53.6     3
53.6     3
53.7     3
53.7     2
53.7     2
53.7     1
53.7     1
53.8     1
53.8     1
53.8     2
53.8     3
53.8     4
53.9     4
53.9     5
53.9     5
53.9     4
53.9     4
54.0     4
54.0     4
54.0     3
54.0     3
54.0     2
54.1     2
54.1     1
54.1     1
54.1     1
54.1     1
54.2     2
54.2     2
54.2     3
54.2     3
54.2     3
54.3     3
54.3     2
54.3     2
54.3     1
54.3     1
54.4     1
54.4     1
54.4     1
54.4     2
54.4     2
54.5     3
54.5     3
54.5     3
54.5     3
54.5     3
54.6     2
54.6     2
54.6     1
54.6     1
54.6     0
54.7     0
54.7     0
54.7     0
54.7     1
54.7     1
54.8     2
54.8     2
54.8     2
54.8     2
54.8     1
54.9     1
54.9     1
54.9     1
54.9     2
54.9     2
55.0     3
55.0     3
55.0     2
55.0     2
55.0     1
55.1     1
55.1     2
55.1     2
55.1     2
55.1     2
55.2     2
55.2     1
55.2     1
55.2     1
55.2     1
55.3     1
55.3     1
55.3     0
55.3     0
55.3     0
55.4     1
55.4     1
55.4     1
55.4     1
55.4     1
55.5     1
55.5     1
55.5     1
55.5     1
55.5     1
55.6     0
55.6     0
55.6     0
55.6     0
55.6     0
55.7     0
55.7     0
55.7     1
55.7     1
55.7     1
55.8     1
55.8     1
55.8     1
55.8     1
55.8     2
55.9     2
55.9     3
55.9     3
55.9     3
55.9     3
56.0     3
56.0     2
56.0     2
56.0     1
56.0     1
56.1     1
56.1     1
56.1     1
56.1     1
56.1     1
56.2     1
56.2     2
56.2     2
56.2     2
56.2     1
56.3     1
56.3     0
56.3     0
56.3     1
56.3     1
56.4     1
56.4     2
56.4     2
56.4     3
56.4     3
56.5     3
56.5     3
56.5     2
56.5     2
56.5     1
56.6     1
56.6     1
56.6     2
56.6     3
56.6     3
56.7     3
56.7     3
56.7     2
56.7     1
56.7     1
56.8     1
56.8     2
56.8     4
56.8     5
56.8     5
56.9     5
56.9     4
56.9     3
56.9     2
56.9     1
57.0     1
57.0     1
57.0     2
57.0     2
57.0     3
57.1     4
57.1     5
57.1     6
57.1     6
57.1     7
57.2     7
57.2     7
57.2     7
57.2     7
57.2     6
57.3     6
57.3     6
57.3     6
57.3     6
57.3     6
57.4     6
57.4     6
57.4     6
57.4     6
57.4     5
57.5     5
57.5     4
57.5     4
57.5     4
57.5     3
57.6     3
57.6     3
57.6     2
57.6     2
57.6     1
57.7     1
57.7     1
57.7     1
57.7     2
57.7     2
57.8     3
57.8     3
57.8     3
57.8     2
57.8     2
57.9     2
57.9     1
57.9     1
57.9     1
57.9     1
58.0     2
58.0     3
58.0     4
58.0     4
58.0     4
58.1     4
58.1     4
58.1     3
58.1     2
58.1     1
58.2     1
58.2     0
58.2     0
58.2     0
58.2     1
58.3     1
58.3     2
58.3     2
58.3     2
58.3     2
58.4     2
58.4     1
58.4     1
58.4     1
58.4     1
58.5     1
58.5     1
58.5     1
58.5     1
58.5     1
58.6     1
58.6     1
58.6     1
58.6     1
58.6     1
58.7     0
58.7     0
58.7     0
58.7     0
58.7     1
58.8     1
58.8     2
58.8     2
58.8     2
58.8     2
58.9     1
58.9     1
58.9     1
58.9     1
58.9     1
59.0     2
59.0     2
59.0     2
59.0     2
59.0     2
59.1     3
59.1     3
59.1     4
59.1     4
59.1     4
59.2     3
59.2     3
59.2     3
59.2     2
59.2     2
59.3     2
59.3     2
59.3     2
59.3     2
59.3     2
59.4     2
59.4     2
59.4     2
59.4     2
59.4     2
59.5     2
59.5     1
59.5     1
59.5     1
59.5     1
59.6     2
59.6     2
59.6     3
59.6     3
59.6     3
59.7     3
59.7     3
59.7     2
59.7     2
59.7     2
59.8     2
59.8     2
59.8     2
59.8     2
59.8     2
59.9     3
59.9     3
59.9     4
59.9     4
59.9     4
60.0     3
60.0     2
60.0     1
60.0     1
60.0     1
60.1     1
60.1     1
60.1     2
60.1     2
60.1     3
60.2     3
60.2     3
60.2     3
60.2     3
60.2     3
60.3     3
60.3     3
60.3     3
60.3     2
60.3     2
60.4     2
60.4     2
60.4     3
60.4     3
60.4     4
60.5     4
60.5     5
60.5     5
60.5     4
60.5     4
60.6     4
60.6     3
60.6     3
60.6     3
60.6     3
60.7     3
60.7     3
60.7     3
60.7     3
60.7     2
60.8     2
60.8     2
60.8     2
60.8     3
60.8     4
60.9     4
60.9     5
60.9     5
60.9     5
60.9     5
61.0     4
61.0     4
61.0     3
61.0     3
61.0     3
61.1     4
61.1     5
61.1     5
61.1     5
61.1     5
61.2     4
61.2     4
61.2     3
61.2     3
61.2     3
61.3     3
61.3     3
61.3     3
61.3     3
61.3     2
61.4     2
61.4     1
61.4     1
61.4     1
61.4     2
61.5     2
61.5     3
61.5     3
61.5     3
61.5     4
61.6     5
61.6     6
61.6     7
61.6     7
61.6     7
61.7     6
61.7     5
61.7     4
61.7     3
61.7     2
61.8     2
61.8     1
61.8     1
61.8     2
61.8     2
61.9     3
61.9     3
61.9     4
61.9     4
61.9     4
62.0     4
62.0     5
62.0     5
62.0     5
62.0     5
62.1     5
62.1     5
62.1     5
62.1     5
62.1     5
62.2     5
62.2     5
62.2     4
62.2     4
62.2     4
62.3     4
62.3     4
62.3     4
62.3     4
62.3     4
62.4     4
62.4     5
62.4     5
62.4     5
62.4     5
62.5     5
62.5     5
62.5     6
62.5     7
62.5     7
62.6     8
62.6     9
62.6     9
62.6     10
62.6     10
62.7     10
62.7     10
62.7     10
62.7     10
62.7     10
62.8     11
62.8     12
62.8     13
62.8     13
62.8     13
62.9     12
62.9     12
62.9     11
62.9     11
62.9     11
63.0     11
63.0     11
63.0     11
63.0     11
63.0     10
63.1     10
63.1     9
63.1     8
63.1     7
63.1     5
63.2     4
63.2     3
63.2     2
63.2     2
63.2     2
63.3     3
63.3     3
63.3     4
63.3     4
63.3     4
63.4     4
63.4     3
63.4     3
63.4     3
63.4     4
63.5     4
63.5     4
63.5     4
63.5     3
63.5     3
63.6     2
63.6     2
63.6     2
63.6     3
63.6     4
63.7     4
63.7     5
63.7     5
63.7     4
63.7     3
63.8     2
63.8     1
63.8     1
63.8     0
63.8     0
63.9     1
63.9     1
63.9     1
63.9     2
63.9     2
64.0     3
64.0     3
64.0     3
64.0     3
64.0     3
64.1     3
64.1     3
64.1     3
64.1     4
64.1     4
64.2     5
64.2     5
64.2     5
64.2     5
64.2     4
64.3     4
64.3     3
64.3     3
64.3     3
64.3     3
64.4     4
64.4     4
64.4     4
64.4     4
64.4     3
64.5     3
64.5     3
64.5     3
64.5     4
64.5     4
64.6     5
64.6     6
64.6     6
64.6     6
64.6     6
64.7     6
64.7     5
64.7     4
64.7     3
64.7     2
64.8     1
64.8     1
64.8     1
64.8     1
64.8     2
64.9     2
64.9     2
64.9     2
64.9     2
64.9     2
65.0     3
65.0     3
65.0     3
65.0     3
65.0     3
65.1     3
65.1     3
65.1     3
65.1     3
65.1     3
65.2     3
65.2     3
65.2     3
65.2     3
65.2     3
65.3     3
65.3     3
65.3     3
65.3     3
65.3     2
65.4     2
65.4     2
65.4     2
65.4     2
65.4     2
65.5     2
65.5     2
65.5     2
65.5     2
65.5     2
65.6     3
65.6     3
65.6     3
65.6     2
65.6     2
65.7     1
65.7     1
65.7     1
65.7     1
65.7     1
65.8     2
65.8     2
65.8     2
65.8     2
65.8     2
65.9     2
65.9     3
65.9     3
65.9     3
65.9     3
66.0     2
66.0     2
66.0     2
66.0     2
66.0     2
66.1     2
66.1     2
66.1     2
66.1     2
66.1     2
66.2     2
66.2     2
66.2     2
66.2     2
66.2     3
66.3     3
66.3     3
66.3     3
66.3     2
66.3     2
66.4     2
66.4     3
66.4     3
66.4     4
66.4     4
66.5     4
66.5     3
66.5     2
66.5     2
66.5     1
66.6     1
66.6     0
66.6     0
66.6     1
66.6     1
66.7     2
66.7     2
66.7     2
66.7     3
66.7     3
66.8     3
66.8     3
66.8     2
66.8     2
66.8     1
66.9     1
66.9     1
66.9     2
66.9     2
66.9     2
67.0     2
67.0     2
67.0     2
67.0     2
67.0     2
67.1     2
67.1     2
67.1     2
67.1     2
67.1     2
67.2     2
67.2     2
67.2     2
67.2     2
67.2     2
67.3     2
67.3     1
67.3     1
67.3     1
67.3     1
67.4     1
67.4     2
67.4     2
67.4     2
67.4     2
67.5     2
67.5     2
67.5     2
67.5     2
67.5     2
67.6     2
67.6     2
67.6     3
67.6     3
67.6     3
67.7     3
67.7     2
67.7     2
67.7     2
67.7     2
67.8     2
67.8     1
67.8     1
67.8     1
67.8     1
67.9     2
67.9     2
67.9     2
67.9     2
67.9     2
68.0     2
68.0     2
68.0     2
68.0     2
68.0     3
68.1     3
68.1     3
68.1     2
68.1     2
68.1     2
68.2     2
68.2     2
68.2     2
68.2     2
68.2     2
68.3     2
68.3     2
68.3     2
68.3     1
68.3     1
68.4     1
68.4     1
68.4     2
68.4     2
68.4     2
68.5     3
68.5     3
68.5     3
68.5     3
68.5     2
68.6     2
68.6     2
68.6     1
68.6     1
68.6     1
68.7     1
68.7     1
68.7     2
68.7     2
68.7     2
68.8     2
68.8     2
68.8     2
68.8     1
68.8     1
68.9     1
68.9     2
68.9     3
68.9     3
68.9     3
69.0     3
69.0     2
69.0     2
69.0     2
69.0     2
69.1     2
69.1     2
69.1     2
69.1     2
69.1     2
69.2     2
69.2     2
69.2     2
69.2     2
69.2     2
69.3     2
69.3     2
69.3     2
69.3     2
69.3     2
69.4     2
69.4     2
69.4     2
69.4     2
69.4     2
69.5     3
69.5     3
69.5     3
69.5     3
69.5     4
69.6     4
69.6     4
69.6     4
69.6     4
69.6     4
69.7     3
69.7     3
69.7     3
69.7     3
69.7     3
69.8     3
69.8     3
69.8     3
69.8     3
69.8     3
69.9     3
69.9     4
69.9     4
69.9     4
69.9     4
70.0     4
70.0     3
70.0     2
70.0     1
70.0     1
70.1     1
70.1     1
70.1     1
70.1     0
70.1     0
70.2     1
70.2     1
70.2     2
70.2     3
70.2     4
70.3     5
70.3     5
70.3     5
70.3     4
70.3     3
70.4     2
70.4     1
70.4     0
70.4     0
70.4     0
70.5     0
70.5     0
70.5     1
70.5     1
70.5     1
70.6     2
70.6     2
70.6     3
70.6     3
70.6     3
70.7     3
70.7     2
70.7     2
70.7     1
70.7     1
70.8     1
70.8     1
70.8     1
70.8     1
70.8     2
70.9     2
70.9     3
70.9     3
70.9     3
70.9     3
71.0     2
71.0     2
71.0     2
71.0     2
71.0     1
71.1     1
71.1     1
71.1     0
71.1     0
71.1     1
71.2     1
71.2     2
71.2     2
71.2     3
71.2     3
71.3     4
71.3     4
71.3     5
71.3     5
71.3     4
71.4     3
71.4     3
71.4     2
71.4     2
71.4     2
71.5     2
71.5     2
71.5     2
71.5     2
71.5     3
71.6     3
71.6     4
71.6     4
71.6     4
71.6     3
71.7     3
71.7     3
71.7     3
71.7     3
71.7     3
71.8     3
71.8     3
71.8     3
71.8     2
71.8     2
71.9     1
71.9     1
71.9     1
71.9     1
71.9     1
72.0     1
72.0     2
72.0     2
72.0     3
72.0     3
72.1     3
72.1     3
72.1     3
72.1     2
72.1     2
72.2     2
72.2     2
72.2     3
72.2     3
72.2     3
72.3     3
72.3     3
72.3     3
72.3     2
72.3     2
72.4     2
72.4     2
72.4     2
72.4     1
72.4     1
72.5     0
72.5     0
72.5     0
72.5     1
72.5     2
72.6     3
72.6     4
72.6     4
72.6     4
72.6     4
72.7     4
72.7     4
72.7     5
72.7     5
72.7     6
72.8     6
72.8     5
72.8     4
72.8     3
72.8     2
72.9     2
72.9     2
72.9     1
72.9     1
72.9     1
73.0     1
73.0     2
73.0     2
73.0     3
73.0     3
73.1     3
73.1     3
73.1     3
73.1     3
73.1     3
73.2     3
73.2     3
73.2     2
73.2     2
73.2     1
73.3     1
73.3     1
73.3     2
73.3     2
73.3     3
73.4     3
73.4     3
73.4     2
73.4     2
73.4     2
73.5     2
73.5     2
73.5     2
73.5     2
73.5     2
73.6     2
73.6     2
73.6     2
73.6     2
73.6     2
73.7     1
73.7     1
73.7     1
73.7     2
73.7     2
73.8     2
73.8     2
73.8     2
73.8     2
73.8     2
73.9     3
73.9     3
73.9     3
73.9     3
73.9     2
74.0     2
74.0     2
74.0     2
74.0     2
74.0     2
74.1     2
74.1     2
74.1     2
74.1     2
74.1     2
74.2     2
74.2     2
74.2     2
74.2     2
74.2     2
74.3     2
74.3     2
74.3     3
74.3     3
74.3     3
74.4     3
74.4     3
74.4     2
74.4     2
74.4     2
74.5     3
74.5     4
74.5     4
74.5     4
74.5     4
74.6     3
74.6     2
74.6     2
74.6     1
74.6     1
74.7     1
74.7     1
74.7     1
74.7     1
74.7     1
74.8     1
74.8     1
74.8     1
74.8     1
74.8     1
74.9     1
74.9     1
74.9     1
74.9     1
74.9     1
75.0     2
75.0     3
75.0     4
75.0     4
75.0     4
75.1     4
75.1     3
75.1     2
75.1     2
75.1     1
75.2     1
75.2     1
75.2     1
75.2     1
75.2     2
75.3     2
75.3     2
75.3     1
75.3     1
75.3     1
75.4     1
75.4     1
75.4     2
75.4     2
75.4     2
75.5     1
75.5     1
75.5     1
75.5     1
75.5     2
75.6     2
75.6     2
75.6     2
75.6     2
75.6     2
75.7     2
75.7     2
75.7     2
75.7     1
75.7     1
75.8     1
75.8     0
75.8     0
75.8     0
75.8     0
75.9     0
75.9     0
75.9     0
75.9     0
75.9     1
76.0     1
76.0     1
76.0     1
76.0     1
76.0     1
76.1     1
76.1     1
76.1     1
76.1     1
76.1     1
76.2     1
76.2     1
76.2     1
76.2     1
76.2     1
76.3     1
76.3     1
76.3     1
76.3     1
76.3     1
76.4     1
76.4     1
76.4     1
76.4     1
76.4     2
76.5     2
76.5     2
76.5     2
76.5     2
76.5     2
76.6     2
76.6     2
76.6     2
76.6     2
76.6     2
76.7     1
76.7     1
76.7     1
76.7     1
76.7     1
76.8     1
76.8     1
76.8     1
76.8     1
76.8     1
76.9     1
76.9     2
76.9     2
76.9     2
76.9     2
77.0     1
77.0     1
77.0     0
77.0     0
77.0     0
77.1     0
77.1     1
77.1     1
77.1     1
77.1     1
77.2     1
77.2     0
77.2     0
77.2     0
77.2     1
77.3     1
77.3     2
77.3     2
77.3     2
77.3     2
77.4     2
77.4     2
77.4     2
77.4     3
77.4     3
77.5     2
77.5     2
77.5     1
77.5     1
77.5     1
77.6     1
77.6     1
77.6     1
77.6     1
77.6     1
77.7     1
77.7     1
77.7     1
77.7     2
77.7     2
77.8     2
77.8     2
77.8     2
77.8     2
77.8     2
77.9     2
77.9     2
77.9     1
77.9     1
77.9     1
78.0     1
78.0     2
78.0     2
78.0     2
78.0     2
78.1     2
78.1     1
78.1     1
78.1     1
78.1     1
78.2     1
78.2     2
78.2     2
78.2     2
78.2     2
78.3     2
78.3     2
78.3     2
78.3     2
78.3     2
78.4     2
78.4     2
78.4     2
78.4     2
78.4     2
78.5     2
78.5     2
78.5     2
78.5     2
78.5     2
78.6     2
78.6     2
78.6     2
78.6     2
78.6     2
78.7     2
78.7     2
78.7     1
78.7     1
78.7     0
78.8     0
78.8     0
78.8     0
78.8     1
78.8     1
78.9     2
78.9     2
78.9     2
78.9     2
78.9     2
79.0     2
79.0     2
79.0     2
79.0     2
79.0     2
79.1     2
79.1     1
79.1     1
79.1     1
79.1     2
79.2     3
79.2     4
79.2     4
79.2     3
79.2     2
79.3     1
79.3     1
79.3     1
79.3     1
79.3     1
79.4     1
79.4     1
79.4     1
79.4     1
79.4     1
79.5     1
79.5     1
79.5     1
79.5     2
79.5     2
79.6     3
79.6     3
79.6     3
79.6     2
79.6     2
79.7     1
79.7     1
79.7     1
79.7     1
79.7     1
79.8     1
79.8     1
79.8     1
79.8     1
79.8     1
79.9     1
79.9     2
79.9     2
79.9     2
79.9     3
80.0     3
80.0     3
80.0     3
80.0     2
80.0     2
80.1     2
80.1     2
80.1     1
80.1     1
80.1     1
80.2     1
80.2     1
80.2     1
80.2     1
80.2     1
80.3     1
80.3     1
80.3     1
80.3     1
80.3     2
80.4     2
80.4     2
80.4     2
80.4     2
80.4     2
80.5     2
80.5     2
80.5     2
80.5     2
80.5     2
80.6     1
80.6     1
80.6     1
80.6     1
80.6     1
80.7     1
80.7     1
80.7     1
80.7     2
80.7     2
80.8     2
80.8     2
80.8     2
80.8     2
80.8     2
80.9     2
80.9     2
80.9     2
80.9     2
80.9     2
81.0     2
81.0     2
81.0     2
81.0     2
81.0     1
81.1     1
81.1     1
81.1     1
81.1     1
81.1     1
81.2     1
81.2     1
81.2     1
81.2     1
81.2     1
81.3     1
81.3     0
81.3     0
81.3     0
81.3     1
81.4     1
81.4     1
81.4     1
81.4     1
81.4     1
81.5     1
81.5     2
81.5     2
81.5     2
81.5     3
81.6     3
81.6     3
81.6     3
81.6     3
81.6     3
81.7     2
81.7     2
81.7     1
81.7     1
81.7     1
81.8     1
81.8     1
81.8     1
81.8     1
81.8     1
81.9     1
81.9     1
81.9     1
81.9     2
81.9     2
82.0     2
82.0     2
82.0     2
82.0     2
82.0     2
82.1     2
82.1     2
82.1     2
82.1     2
82.1     1
82.2     1
82.2     1
82.2     1
82.2     1
82.2     2
82.3     2
82.3     2
82.3     2
82.3     2
82.3     2
82.4     2
82.4     2
82.4     2
82.4     2
82.4     2
82.5     2
82.5     1
82.5     1
82.5     1
82.5     1
82.6     1
82.6     1
82.6     1
82.6     1
82.6     1
82.7     1
82.7     1
82.7     2
82.7     2
82.7     2
82.8     2
82.8     2
82.8     2
82.8     2
82.8     2
82.9     2
82.9     2
82.9     2
82.9     1
82.9     1
83.0     1
83.0     0
83.0     0
83.0     0
83.0     0
83.1     0
83.1     0
83.1     0
83.1     0
83.1     0
83.2     0
83.2     1
83.2     1
83.2     2
83.2     3
83.3     4
83.3     4
83.3     3
83.3     2
83.3     1
83.4     0
83.4     0
83.4     0
83.4     0
83.4     0
83.5     1
83.5     1
83.5     1
83.5     1
83.5     2
83.6     2
83.6     2
83.6     3
83.6     3
83.6     3
83.7     3
83.7     3
83.7     3
83.7     3
83.7     3
83.8     3
83.8     3
83.8     3
83.8     2
83.8     2
83.9     2
83.9     2
83.9     2
83.9     1
83.9     1
84.0     1
84.0     1
84.0     1
84.0     1
84.0     1
84.1     1
84.1     1
84.1     1
84.1     1
84.1     1
84.2     1
84.2     1
84.2     2
84.2     2
84.2     2
84.3     2
84.3     2
84.3     2
84.3     2
84.3     2
84.4     2
84.4     2
84.4     2
84.4     2
84.4     2
84.5     2
84.5     2
84.5     2
84.5     2
84.5     2
84.6     2
84.6     2
84.6     2
84.6     2
84.6     2
84.7     1
84.7     1
84.7     0
84.7     0
84.7     0
84.8     0
84.8     1
84.8     1
84.8     1
84.8     1
84.9     1
84.9     1
84.9     1
84.9     1
84.9     2
85.0     2
85.0     2
85.0     2
85.0     2
85.0     2
85.1     3
85.1     3
85.1     3
85.1     3
85.1     3
85.2     3
85.2     2
85.2     2
85.2     1
85.2     1
85.3     1
85.3     1
85.3     1
85.3     1
85.3     1
85.4     1
85.4     1
85.4     1
85.4     2
85.4     2
85.5     2
85.5     2
85.5     1
85.5     1
85.5     2
85.6     2
85.6     3
85.6     3
85.6     2
85.6     2
85.7     1
85.7     1
85.7     0
85.7     0
85.7     0
85.8     0
85.8     0
85.8     0
85.8     1
85.8     2
85.9     3
85.9     4
85.9     4
85.9     3
85.9     3
86.0     2
86.0     2
86.0     2
86.0     3
86.0     3
86.1     3
86.1     3
86.1     2
86.1     2
86.1     1
86.2     1
86.2     1
86.2     1
86.2     1
86.2     1
86.3     2
86.3     2
86.3     2
86.3     3
86.3     3
86.4     3
86.4     3
86.4     3
86.4     3
86.4     3
86.5     3
86.5     2
86.5     2
86.5     2
86.5     1
86.6     1
86.6     1
86.6     1
86.6     1
86.6     1
86.7     1
86.7     1
86.7     1
86.7     1
86.7     1
86.8     1
86.8     2
86.8     3
86.8     3
86.8     4
86.9     4
86.9     3
86.9     3
86.9     2
86.9     2
87.0     2
87.0     3
87.0     3
87.0     3
87.0     3
87.1     3
87.1     3
87.1     2
87.1     2
87.1     2
87.2     2
87.2     2
87.2     2
87.2     2
87.2     3
87.3     3
87.3     3
87.3     3
87.3     3
87.3     3
87.4     3
87.4     3
87.4     3
87.4     2
87.4     2
87.5     2
87.5     1
87.5     1
87.5     1
87.5     1
87.6     1
87.6     1
87.6     1
87.6     1
87.6     2
87.7     2
87.7     2
87.7     2
87.7     2
87.7     2
87.8     2
87.8     2
87.8     2
87.8     2
87.8     2
87.9     2
87.9     2
87.9     2
87.9     2
87.9     2
88.0     2
88.0     2
88.0     2
88.0     1
88.0     1
88.1     0
88.1     0
88.1     0
88.1     0
88.1     1
88.2     1
88.2     1
88.2     2
88.2     2
88.2     2
88.3     2
88.3     2
88.3     2
88.3     2
88.3     2
88.4     2
88.4     1
88.4     1
88.4     1
88.4     1
88.5     1
88.5     2
88.5     2
88.5     3
88.5     3
88.6     4
88.6     4
88.6     3
88.6     3
88.6     3
88.7     2
88.7     2
88.7     2
88.7     2
88.7     2
88.8     2
88.8     3
88.8     3
88.8     4
88.8     4
88.9     4
88.9     3
88.9     2
88.9     1
88.9     1
89.0     1
89.0     1
89.0     1
89.0     2
89.0     2
89.1     2
89.1     1
89.1     1
89.1     1
89.1     2
89.2     2
89.2     3
89.2     3
89.2     2
89.2     2
89.3     2
89.3     2
89.3     2
89.3     2
89.3     2
89.4     2
89.4     2
89.4     2
89.4     2
89.4     2
89.5     2
89.5     2
89.5     2
89.5     2
89.5     2
89.6     1
89.6     1
89.6     1
89.6     1
89.6     2
89.7     3
89.7     3
89.7     4
89.7     4
89.7     4
89.8     4
89.8     4
89.8     5
89.8     5
89.8     5
89.9     5
89.9     5
89.9     4
89.9     4
89.9     4
90.0     4
