XN3
10.0     0
10.0     0
10.0     0
10.0     0
10.0     1
10.1     1
10.1     2
10.1     2
10.1     3
10.1     3
10.2     3
10.2     3
10.2     2
10.2     2
10.2     1
10.3     1
10.3     1
10.3     1
10.3     1
10.3     1
10.4     2
10.4     2
10.4     2
10.4     2
10.4     2
10.5     1
10.5     1
10.5     1
10.5     1
10.5     1
10.6     1
10.6     1
10.6     1
10.6     1
10.6     1
10.7     1
10.7     1
10.7     1
10.7     1
10.7     2
10.8     2
10.8     2
10.8     1
10.8     1
10.8     1
10.9     1
10.9     2
10.9     2
10.9     3
10.9     3
11.0     3
11.0     3
11.0     2
11.0     2
11.0     1
11.1     1
11.1     1
11.1     1
11.1     2
11.1     2
11.2     2
11.2     2
11.2     2
11.2     2
11.2     2
11.3     2
11.3     2
11.3     1
11.3     1
11.3     1
11.4     1
11.4     1
11.4     1
11.4     1
11.4     2
11.5     2
11.5     2
11.5     1
11.5     1
11.5     0
11.6     0
11.6     0
11.6     0
11.6     1
11.6     1
11.7     1
11.7     1
11.7     1
11.7     1
11.7     1
11.8     0
11.8     0
11.8     0
11.8     0
11.8     1
11.9     1
11.9     1
11.9     2
11.9     2
11.9     2
12.0     2
12.0     2
12.0     1
12.0     1
12.0     1
12.1     1
12.1     1
12.1     1
12.1     1
12.1     1
12.2     1
12.2     1
12.2     1
12.2     1
12.2     2
12.3     2
12.3     2
12.3     2
12.3     1
12.3     1
12.4     1
12.4     1
12.4     1
12.4     1
12.4     1
12.5     1
12.5     1
12.5     1
12.5     1
12.5     1
12.6     1
12.6     1
12.6     1
12.6     1
12.6     0
12.7     0
12.7     0
12.7     0
12.7     1
12.7     1
12.8     2
12.8     2
12.8     2
12.8     2
12.8     2
12.9     2
12.9     2
12.9     2
12.9     2
12.9     2
13.0     2
13.0     2
13.0     2
13.0     2
13.0     2
13.1     3
13.1     3
13.1     4
13.1     4
13.1     5
13.2     5
13.2     4
13.2     4
13.2     4
13.2     3
13.3     3
13.3     3
13.3     2
13.3     2
13.3     2
13.4     2
13.4     3
13.4     3
13.4     3
13.4     2
13.5     2
13.5     2
13.5     2
13.5     2
13.5     1
13.6     1
13.6     1
13.6     1
13.6     2
13.6     2
13.7     2
13.7     2
13.7     2
13.7     2
13.7     2
13.8     3
13.8     3
13.8     4
13.8     4
13.8     5
13.9     5
13.9     4
13.9     4
13.9     4
13.9     3
14.0     3
14.0     2
14.0     1
14.0     1
14.0     0
14.1     0
14.1     0
14.1     1
14.1     2
14.1     2
14.2     3
14.2     3
14.2     3
14.2     2
14.2     2
14.3     2
14.3     1
14.3     1
14.3     1
14.3     1
14.4     1
14.4     2
14.4     3
14.4     4
14.4     5
14.5     6
14.5     6
14.5     6
14.5     6
14.5     5
14.6     4
14.6     4
14.6     3
14.6     3
14.6     3
14.7     3
14.7     3
14.7     4
14.7     5
14.7     6
14.8     7
14.8     7
14.8     7
14.8     6
14.8     5
14.9     4
14.9     3
14.9     2
14.9     2
14.9     2
15.0     3
15.0     3
15.0     3
15.0     3
15.0     3
15.1     3
15.1     2
15.1     2
15.1     2
15.1     3
15.2     3
15.2     4
15.2     4
15.2     4
15.2     3
15.3     3
15.3     3
15.3     4
15.3     5
15.3     5
15.4     5
15.4     4
15.4     4
15.4     3
15.4     2
15.5     2
15.5     2
15.5     3
15.5     3
15.5     4
15.6     5
15.6     6
15.6     6
15.6     6
15.6     6
15.7     5
15.7     4
15.7     3
15.7     3
15.7     3
15.8     3
15.8     3
15.8     4
15.8     4
15.8     4
15.9     4
15.9     3
15.9     3
15.9     3
15.9     3
16.0     3
16.0     3
16.0     3
16.0     2
16.0     2
16.1     2
16.1     2
16.1     2
16.1     1
16.1     1
16.2     1
16.2     2
16.2     3
16.2     4
16.2     4
16.3     4
16.3     4
16.3     3
16.3     3
16.3     3
16.4     3
16.4     3
16.4     3
16.4     3
16.4     3
16.5     3
16.5     3
16.5     3
16.5     2
16.5     2
16.6     2
16.6     2
16.6     3
16.6     4
16.6     5
16.7     5
16.7     5
16.7     4
16.7     3
16.7     2
16.8     1
16.8     0
16.8     0
16.8     1
16.8     1
16.9     2
16.9     3
16.9     4
16.9     4
16.9     4
17.0     3
17.0     3
17.0     2
17.0     2
17.0     2
17.1     2
17.1     2
17.1     2
17.1     3
17.1     3
17.2     3
17.2     3
17.2     3
17.2     2
17.2     2
17.3     2
17.3     3
17.3     4
17.3     5
17.3     6
17.4     6
17.4     5
17.4     4
17.4     3
17.4     2
17.5     2
17.5     2
17.5     2
17.5     2
17.5     2
17.6     2
17.6     2
17.6     2
17.6     2
17.6     2
17.7     2
17.7     2
17.7     2
17.7     2
17.7     3
17.8     3
17.8     3
17.8     3
17.8     2
17.8     2
17.9     1
17.9     1
17.9     1
17.9     1
17.9     2
18.0     2
18.0     3
18.0     4
18.0     5
18.0     6
18.1     7
18.1     8
18.1     8
18.1     7
18.1     6
18.2     5
18.2     4
18.2     3
18.2     3
18.2     3
18.3     3
18.3     3
18.3     4
18.3     5
18.3     6
18.4     7
18.4     7
18.4     6
18.4     5
18.4     4
18.5     3
18.5     2
18.5     2
18.5     1
18.5     1
18.6     2
18.6     3
18.6     4
18.6     5
18.6     6
18.7     6
18.7     6
18.7     5
18.7     4
18.7     3
18.8     2
18.8     2
18.8     2
18.8     3
18.8     3
18.9     3
18.9     2
18.9     2
18.9     2
18.9     2
19.0     2
19.0     3
19.0     3
19.0     3
19.0     3
19.1     2
19.1     2
19.1     1
19.1     1
19.1     2
19.2     3
19.2     4
19.2     5
19.2     6
19.2     7
19.3     7
19.3     7
19.3     6
19.3     5
19.3     4
19.4     3
19.4     2
19.4     2
19.4     2
19.4     2
19.5     2
19.5     2
19.5     2
19.5     3
19.5     3
19.6     4
19.6     5
19.6     5
19.6     5
19.6     4
19.7     3
19.7     3
19.7     3
19.7     3
19.7     4
19.8     5
19.8     6
19.8     7
19.8     8
19.8     8
19.9     8
19.9     7
19.9     7
19.9     7
19.9     7
20.0     7
20.0     8
20.0     8
20.0     8
20.0     7
20.1     7
20.1     7
20.1     7
20.1     7
20.1     7
20.2     7
20.2     6
20.2     5
20.2     4
20.2     3
20.3     3
20.3     3
20.3     3
20.3     3
20.3     4
20.4     5
20.4     6
20.4     7
20.4     8
20.4     9
20.5     9
20.5     9
20.5     8
20.5     7
20.5     5
20.6     4
20.6     3
20.6     2
20.6     2
20.6     3
20.7     4
20.7     5
20.7     6
20.7     6
20.7     6
20.8     6
20.8     6
20.8     6
20.8     6
20.8     7
20.9     7
20.9     7
20.9     6
20.9     5
20.9     4
21.0     4
21.0     3
21.0     3
21.0     4
21.0     4
21.1     4
21.1     4
21.1     4
21.1     5
21.1     5
21.2     6
21.2     6
21.2     6
21.2     7
21.2     7
21.3     7
21.3     7
21.3     6
21.3     6
21.3     5
21.4     5
21.4     5
21.4     5
21.4     5
21.4     5
21.5     5
21.5     5
21.5     6
21.5     6
21.5     6
21.6     6
21.6     5
21.6     5
21.6     4
21.6     4
21.7     5
21.7     5
21.7     5
21.7     5
21.7     4
21.8     4
21.8     4
21.8     3
21.8     2
21.8     1
21.9     0
21.9     0
21.9     0
21.9     1
21.9     2
22.0     3
22.0     5
22.0     6
22.0     7
22.0     7
22.1     6
22.1     5
22.1     4
22.1     4
22.1     3
22.2     3
22.2     2
22.2     2
22.2     2
22.2     3
22.3     3
22.3     3
22.3     3
22.3     3
22.3     3
22.4     3
22.4     3
22.4     4
22.4     4
22.4     4
22.5     5
22.5     5
22.5     6
22.5     7
22.5     7
22.6     6
22.6     5
22.6     4
22.6     3
22.6     2
22.7     2
22.7     2
22.7     3
22.7     3
22.7     3
22.8     3
22.8     3
22.8     3
22.8     3
22.8     3
22.9     4
22.9     4
22.9     4
22.9     3
22.9     3
23.0     2
23.0     2
23.0     3
23.0     4
23.0     6
23.1     7
23.1     8
23.1     8
23.1     8
23.1     7
23.2     6
23.2     5
23.2     4
23.2     4
23.2     4
23.3     4
23.3     4
23.3     4
23.3     3
23.3     3
23.4     3
23.4     2
23.4     2
23.4     2
23.4     2
23.5     2
23.5     2
23.5     3
23.5     4
23.5     5
23.6     6
23.6     6
23.6     6
23.6     5
23.6     4
23.7     3
23.7     3
23.7     3
23.7     4
23.7     5
23.8     5
23.8     5
23.8     4
23.8     3
23.8     2
23.9     2
23.9     1
23.9     1
23.9     1
23.9     2
24.0     2
24.0     3
24.0     4
24.0     4
24.0     4
24.1     4
24.1     4
24.1     4
24.1     4
24.1     4
24.2     4
24.2     3
24.2     2
24.2     1
24.2     1
24.3     1
24.3     1
24.3     1
24.3     1
24.3     2
24.4     3
24.4     4
24.4     4
24.4     5
24.4     5
24.5     6
24.5     6
24.5     6
24.5     5
24.5     5
24.6     5
24.6     5
24.6     5
24.6     6
24.6     7
24.7     8
24.7     8
24.7     7
24.7     6
24.7     5
24.8     3
24.8     2
24.8     2
24.8     2
24.8     2
24.9     3
24.9     4
24.9     5
24.9     5
24.9     6
25.0     6
25.0     6
25.0     5
25.0     5
25.0     4
25.1     3
25.1     3
25.1     2
25.1     2
25.1     2
25.2     2
25.2     2
25.2     1
25.2     1
25.2     1
25.3     1
25.3     1
25.3     1
25.3     1
25.3     1
25.4     2
25.4     3
25.4     4
25.4     4
25.4     4
25.5     4
25.5     4
25.5     3
25.5     3
25.5     3
25.6     3
25.6     4
25.6     4
25.6     4
25.6     3
25.7     3
25.7     3
25.7     3
25.7     3
25.7     3
25.8     3
25.8     3
25.8     2
25.8     2
25.8     1
25.9     1
25.9     2
25.9     3
25.9     4
25.9     5
26.0     5
26.0     5
26.0     4
26.0     4
26.0     3
26.1     3
26.1     3
26.1     3
26.1     3
26.1     3
26.2     3
26.2     3
26.2     4
26.2     5
26.2     6
26.3     6
26.3     6
26.3     5
26.3     4
26.3     3
26.4     2
26.4     1
26.4     1
26.4     2
26.4     2
26.5     3
26.5     3
26.5     3
26.5     3
26.5     3
26.6     3
26.6     3
26.6     3
26.6     4
26.6     4
26.7     4
26.7     4
26.7     3
26.7     3
26.7     2
26.8     1
26.8     1
26.8     1
26.8     1
26.8     1
26.9     1
26.9     1
26.9     1
26.9     1
26.9     1
27.0     2
27.0     3
27.0     3
27.0     4
27.0     4
27.1     4
27.1     4
27.1     4
27.1     4
27.1     4
27.2     4
27.2     3
27.2     2
27.2     1
27.2     0
27.3     0
27.3     0
27.3     1
27.3     1
27.3     2
27.4     2
27.4     3
27.4     4
27.4     5
27.4     6
27.5     6
27.5     5
27.5     4
27.5     3
27.5     2
27.6     1
27.6     1
27.6     1
27.6     1
27.6     1
27.7     2
27.7     2
27.7     2
27.7     2
27.7     1
27.8     1
27.8     1
27.8     2
27.8     2
27.8     3
27.9     4
27.9     4
27.9     4
27.9     3
27.9     2
28.0     2
28.0     2
28.0     3
28.0     3
28.0     4
28.1     4
28.1     4
28.1     4
28.1     4
28.1     4
28.2     3
28.2     2
28.2     1
28.2     1
28.2     1
28.3     2
28.3     2
28.3     3
28.3     3
28.3     2
28.4     2
28.4     2
28.4     2
28.4     2
28.4     2
28.5     3
28.5     3
28.5     2
28.5     2
28.5     1
28.6     1
28.6     1
28.6     1
28.6     2
28.6     2
28.7     3
28.7     3
28.7     3
28.7     3
28.7     4
28.8     4
28.8     3
28.8     3
28.8     2
28.8     2
28.9     2
28.9     2
28.9     3
28.9     4
28.9     4
29.0     4
29.0     4
29.0     3
29.0     3
29.0     2
29.1     2
29.1     2
29.1     2
29.1     2
29.1     2
29.2     1
29.2     1
29.2     1
29.2     2
29.2     2
29.3     3
29.3     3
29.3     3
29.3     3
29.3     2
29.4     2
29.4     2
29.4     2
29.4     3
29.4     4
29.5     4
29.5     4
29.5     4
29.5     3
29.5     3
29.6     2
29.6     2
29.6     2
29.6     3
29.6     3
29.7     4
29.7     4
29.7     4
29.7     4
29.7     4
29.8     4
29.8     4
29.8     4
29.8     4
29.8     4
29.9     4
29.9     4
29.9     4
29.9     4
29.9     4
30.0     4
30.0     4
30.0     4
30.0     4
30.0     5
30.1     6
30.1     7
30.1     8
30.1     9
30.1     10
30.2     10
30.2     10
30.2     9
30.2     8
30.2     6
30.3     5
30.3     4
30.3     4
30.3     5
30.3     6
30.4     7
30.4     7
30.4     7
30.4     6
30.4     5
30.5     4
30.5     3
30.5     2
30.5     2
30.5     2
30.6     2
30.6     2
30.6     3
30.6     3
30.6     2
30.7     2
30.7     1
30.7     1
30.7     1
30.7     2
30.8     2
30.8     2
30.8     2
30.8     2
30.8     3
30.9     3
30.9     3
30.9     3
30.9     2
30.9     2
31.0     3
31.0     3
31.0     4
31.0     4
31.0     4
31.1     4
31.1     3
31.1     3
31.1     3
31.1     4
31.2     5
31.2     5
31.2     5
31.2     4
31.2     4
31.3     3
31.3     3
31.3     3
31.3     3
31.3     3
31.4     3
31.4     2
31.4     2
31.4     2
31.4     2
31.5     2
31.5     2
31.5     2
31.5     2
31.5     1
31.6     1
31.6     2
31.6     2
31.6     3
31.6     3
31.7     3
31.7     2
31.7     2
31.7     2
31.7     3
31.8     3
31.8     3
31.8     3
31.8     2
31.8     2
31.9     1
31.9     1
31.9     1
31.9     2
31.9     3
32.0     4
32.0     5
32.0     5
32.0     5
32.0     4
32.1     4
32.1     3
32.1     2
32.1     2
32.1     1
32.2     1
32.2     1
32.2     1
32.2     2
32.2     2
32.3     3
32.3     3
32.3     4
32.3     4
32.3     4
32.4     3
32.4     2
32.4     1
32.4     0
32.4     0
32.5     0
32.5     1
32.5     2
32.5     2
32.5     3
32.6     4
32.6     4
32.6     4
32.6     3
32.6     2
32.7     2
32.7     2
32.7     3
32.7     3
32.7     3
32.8     3
32.8     3
32.8     2
32.8     2
32.8     2
32.9     3
32.9     3
32.9     4
32.9     4
32.9     4
33.0     4
33.0     3
33.0     3
33.0     4
33.0     4
33.1     5
33.1     5
33.1     5
33.1     5
33.1     4
33.2     4
33.2     4
33.2     4
33.2     4
33.2     5
33.3     5
33.3     5
33.3     4
33.3     3
33.3     2
33.4     1
33.4     1
33.4     1
33.4     2
33.4     3
33.5     4
33.5     4
33.5     4
33.5     4
33.5     4
33.6     4
33.6     4
33.6     5
33.6     5
33.6     4
33.7     4
33.7     3
33.7     3
33.7     3
33.7     3
33.8     4
33.8     4
33.8     4
33.8     4
33.8     4
33.9     4
33.9     5
33.9     5
33.9     6
33.9     6
34.0     6
34.0     5
34.0     4
34.0     3
34.0     2
34.1     2
34.1     2
34.1     3
34.1     3
34.1     3
34.2     4
34.2     4
34.2     5
34.2     5
34.2     5
34.3     5
34.3     4
34.3     3
34.3     2
34.3     2
34.4     2
34.4     2
34.4     3
34.4     3
34.4     2
34.5     2
34.5     1
34.5     1
34.5     1
34.5     1
34.6     1
34.6     1
34.6     1
34.6     2
34.6     2
34.7     2
34.7     3
34.7     3
34.7     4
34.7     4
34.8     4
34.8     3
34.8     3
34.8     2
34.8     1
34.9     1
34.9     2
34.9     2
34.9     3
34.9     3
35.0     3
35.0     3
35.0     3
35.0     3
35.0     3
35.1     3
35.1     3
35.1     2
35.1     2
35.1     1
35.2     1
35.2     2
35.2     3
35.2     5
35.2     7
35.3     8
35.3     8
35.3     8
35.3     7
35.3     6
35.4     6
35.4     6
35.4     7
35.4     8
35.4     10
35.5     12
35.5     13
35.5     15
35.5     16
35.5     17
35.6     19
35.6     20
35.6     21
35.6     21
35.6     20
35.7     19
35.7     17
35.7     14
35.7     11
35.7     8
35.8     6
35.8     5
35.8     4
35.8     4
35.8     4
35.9     4
35.9     4
35.9     3
35.9     2
35.9     1
36.0     0
36.0     0
36.0     1
36.0     2
36.0     3
36.1     3
36.1     3
36.1     3
36.1     2
36.1     2
36.2     1
36.2     1
36.2     1
36.2     2
36.2     2
36.3     3
36.3     3
36.3     2
36.3     2
36.3     1
36.4     1
36.4     1
36.4     2
36.4     2
36.4     2
36.5     2
36.5     1
36.5     1
36.5     0
36.5     0
36.6     0
36.6     1
36.6     1
36.6     2
36.6     2
36.7     2
36.7     1
36.7     1
36.7     1
36.7     0
36.8     0
36.8     0
36.8     1
36.8     1
36.8     2
36.9     2
36.9     2
36.9     2
36.9     2
36.9     1
37.0     1
37.0     0
37.0     0
37.0     1
37.0     2
37.1     3
37.1     4
37.1     5
37.1     5
37.1     5
37.2     4
37.2     2
37.2     1
37.2     0
37.2     0
37.3     0
37.3     0
37.3     0
37.3     1
37.3     1
37.4     2
37.4     2
37.4     1
37.4     1
37.4     1
37.5     1
37.5     1
37.5     2
37.5     2
37.5     2
37.6     1
37.6     1
37.6     0
37.6     0
37.6     0
37.7     1
37.7     1
37.7     1
37.7     1
37.7     1
37.8     1
37.8     1
37.8     1
37.8     1
37.8     2
37.9     2
37.9     2
37.9     3
37.9     3
37.9     3
38.0     3
38.0     2
38.0     2
38.0     2
38.0     2
38.1     3
38.1     3
38.1     4
38.1     4
38.1     3
38.2     3
38.2     2
38.2     1
38.2     1
38.2     1
38.3     1
38.3     2
38.3     2
38.3     3
38.3     4
38.4     4
38.4     4
38.4     4
38.4     4
38.4     3
38.5     2
38.5     1
38.5     1
38.5     1
38.5     1
38.6     1
38.6     1
38.6     1
38.6     2
38.6     2
38.7     3
38.7     3
38.7     3
38.7     3
38.7     3
38.8     3
38.8     3
38.8     3
38.8     3
38.8     3
38.9     3
38.9     3
38.9     3
38.9     3
38.9     3
39.0     4
39.0     5
39.0     6
39.0     6
39.0     5
39.1     4
39.1     3
39.1     3
39.1     3
39.1     3
39.2     3
39.2     3
39.2     3
39.2     2
39.2     2
39.3     2
39.3     2
39.3     3
39.3     3
39.3     4
39.4     4
39.4     4
39.4     4
39.4     4
39.4     4
39.5     3
39.5     3
39.5     2
39.5     2
39.5     2
39.6     2
39.6     2
39.6     2
39.6     2
39.6     3
39.7     3
39.7     4
39.7     4
39.7     4
39.7     4
39.8     3
39.8     2
39.8     1
39.8     1
39.8     1
39.9     2
39.9     2
39.9     3
39.9     3
39.9     3
40.0     2
40.0     1
40.0     1
40.0     1
40.0     1
40.1     2
40.1     3
40.1     4
40.1     4
40.1     4
40.2     3
40.2     2
40.2     1
40.2     0
40.2     0
40.3     1
40.3     2
40.3     3
40.3     4
40.3     5
40.4     5
40.4     4
40.4     3
40.4     2
40.4     1
40.5     1
40.5     1
40.5     1
40.5     1
40.5     2
40.6     3
40.6     4
40.6     5
40.6     5
40.6     4
40.7     3
40.7     2
40.7     2
40.7     2
40.7     3
40.8     4
40.8     6
40.8     7
40.8     8
40.8     8
40.9     7
40.9     5
40.9     3
40.9     2
40.9     1
41.0     1
41.0     1
41.0     2
41.0     2
41.0     2
41.1     1
41.1     1
41.1     1
41.1     2
41.1     3
41.2     4
41.2     4
41.2     4
41.2     3
41.2     2
41.3     2
41.3     2
41.3     2
41.3     3
41.3     3
41.4     2
41.4     2
41.4     1
41.4     0
41.4     0
41.5     0
41.5     0
41.5     0
41.5     1
41.5     2
41.6     3
41.6     4
41.6     5
41.6     5
41.6     4
41.7     3
41.7     3
41.7     2
41.7     1
41.7     1
41.8     0
41.8     0
41.8     1
41.8     2
41.8     3
41.9     4
41.9     4
41.9     3
41.9     2
41.9     1
42.0     1
42.0     1
42.0     1
42.0     2
42.0     3
42.1     3
42.1     4
42.1     4
42.1     3
42.1     2
42.2     1
42.2     0
42.2     0
42.2     0
42.2     1
42.3     1
42.3     2
42.3     2
42.3     2
42.3     2
42.4     2
42.4     2
42.4     2
42.4     2
42.4     2
42.5     2
42.5     2
42.5     2
42.5     1
42.5     1
42.6     1
42.6     2
42.6     2
42.6     2
42.6     2
42.7     2
42.7     2
42.7     2
42.7     2
42.7     2
42.8     3
42.8     3
42.8     4
42.8     4
42.8     4
42.9     4
42.9     4
42.9     3
42.9     3
42.9     2
43.0     2
43.0     2
43.0     2
43.0     2
43.0     3
43.1     4
43.1     4
43.1     5
43.1     5
43.1     5
43.2     4
43.2     4
43.2     3
43.2     3
43.2     3
43.3     3
43.3     3
43.3     3
43.3     3
43.3     3
43.4     4
43.4     4
43.4     5
43.4     6
43.4     6
43.5     5
43.5     5
43.5     4
43.5     3
43.5     2
43.6     1
43.6     1
43.6     1
43.6     2
43.6     3
43.7     4
43.7     4
43.7     4
43.7     3
43.7     2
43.8     1
43.8     1
43.8     2
43.8     3
43.8     4
43.9     4
43.9     4
43.9     4
43.9     3
43.9     3
44.0     2
44.0     2
44.0     1
44.0     1
44.0     1
44.1     1
44.1     1
44.1     1
44.1     1
44.1     0
44.2     0
44.2     0
44.2     1
44.2     2
44.2     3
44.3     4
44.3     4
44.3     3
44.3     3
44.3     2
44.4     1
44.4     0
44.4     0
44.4     0
44.4     0
44.5     1
44.5     1
44.5     2
44.5     2
44.5     2
44.6     2
44.6     2
44.6     2
44.6     2
44.6     2
44.7     2
44.7     2
44.7     2
44.7     2
44.7     1
44.8     1
44.8     1
44.8     2
44.8     2
44.8     2
44.9     2
44.9     2
44.9     2
44.9     2
44.9     2
45.0     2
45.0     2
45.0     2
45.0     1
45.0     1
45.1     1
45.1     2
45.1     3
45.1     3
45.1     3
45.2     3
45.2     2
45.2     1
45.2     0
45.2     0
45.3     0
45.3     1
45.3     1
45.3     2
45.3     2
45.4     2
45.4     2
45.4     2
45.4     2
45.4     3
45.5     3
45.5     3
45.5     3
45.5     3
45.5     2
45.6     2
45.6     2
45.6     2
45.6     2
45.6     2
45.7     1
45.7     1
45.7     1
45.7     1
45.7     1
45.8     1
45.8     1
45.8     2
45.8     2
45.8     2
45.9     2
45.9     1
45.9     1
45.9     1
45.9     1
46.0     1
46.0     2
46.0     2
46.0     2
46.0     1
46.1     1
46.1     1
46.1     1
46.1     1
46.1     2
46.2     2
46.2     2
46.2     1
46.2     0
46.2     0
46.3     0
46.3     0
46.3     1
46.3     1
46.3     2
46.4     2
46.4     2
46.4     2
46.4     2
46.4     2
46.5     2
46.5     2
46.5     2
46.5     2
46.5     2
46.6     2
46.6     2
46.6     2
46.6     2
46.6     2
46.7     2
46.7     2
46.7     2
46.7     2
46.7     2
46.8     2
46.8     2
46.8     2
46.8     2
46.8     2
46.9     2
46.9     2
46.9     2
46.9     2
46.9     2
47.0     2
47.0     2
47.0     2
47.0     2
47.0     2
47.1     2
47.1     2
47.1     1
47.1     1
47.1     1
47.2     1
47.2     2
47.2     2
47.2     2
47.2     2
47.3     2
47.3     2
47.3     2
47.3     3
47.3     3
47.4     3
47.4     2
47.4     1
47.4     0
47.4     0
47.5     0
47.5     1
47.5     3
47.5     4
47.5     5
47.6     6
47.6     6
47.6     6
47.6     6
47.6     5
47.7     4
47.7     3
47.7     2
47.7     2
47.7     1
47.8     1
47.8     1
47.8     0
47.8     0
47.8     0
47.9     1
47.9     2
47.9     3
47.9     3
47.9     3
48.0     3
48.0     3
48.0     3
48.0     3
48.0     2
48.1     2
48.1     1
48.1     0
48.1     0
48.1     0
48.2     1
48.2     2
48.2     3
48.2     4
48.2     5
48.3     5
48.3     5
48.3     5
48.3     4
48.3     3
48.4     2
48.4     1
48.4     1
48.4     1
48.4     2
48.5     3
48.5     4
48.5     4
48.5     4
48.5     4
48.6     3
48.6     2
48.6     1
48.6     0
48.6     0
48.7     0
48.7     1
48.7     2
48.7     2
48.7     3
48.8     3
48.8     2
48.8     2
48.8     2
48.8     2
48.9     3
48.9     4
48.9     5
48.9     5
48.9     4
49.0     3
49.0     2
49.0     1
49.0     1
49.0     1
49.1     2
49.1     3
49.1     4
49.1     5
49.1     5
49.2     4
49.2     3
49.2     2
49.2     2
49.2     1
49.3     1
49.3     1
49.3     2
49.3     2
49.3     3
49.4     4
49.4     4
49.4     4
49.4     4
49.4     4
49.5     3
49.5     2
49.5     2
49.5     1
49.5     1
49.6     1
49.6     1
49.6     1
49.6     1
49.6     1
49.7     1
49.7     1
49.7     1
49.7     1
49.7     1
49.8     1
49.8     2
49.8     2
49.8     3
49.8     3
49.9     2
49.9     2
49.9     1
49.9     1
49.9     1
50.0     2
50.0     3
50.0     4
50.0     4
50.0     4
50.1     4
50.1     4
50.1     3
50.1     3
50.1     2
50.2     2
50.2     2
50.2     2
50.2     3
50.2     4
50.3     5
50.3     5
50.3     5
50.3     5
50.3     4
50.4     3
50.4     3
50.4     2
50.4     1
50.4     1
50.5     1
50.5     1
50.5     1
50.5     1
50.5     2
50.6     2
50.6     3
50.6     3
50.6     3
50.6     3
50.7     2
50.7     2
50.7     1
50.7     1
50.7     1
50.8     1
50.8     2
50.8     2
50.8     3
50.8     3
50.9     3
50.9     3
50.9     3
50.9     2
50.9     2
51.0     2
51.0     2
51.0     2
51.0     2
51.0     2
51.1     2
51.1     2
51.1     2
51.1     2
51.1     1
51.2     1
51.2     0
51.2     0
51.2     0
51.2     0
51.3     1
51.3     1
51.3     1
51.3     1
51.3     1
51.4     1
51.4     1
51.4     1
51.4     2
51.4     2
51.5     3
51.5     3
51.5     3
51.5     3
51.5     2
51.6     1
51.6     1
51.6     1
51.6     1
51.6     2
51.7     2
51.7     3
51.7     3
51.7     3
51.7     3
51.8     2
51.8     2
51.8     1
51.8     1
51.8     2
51.9     2
51.9     2
51.9     2
51.9     2
51.9     2
52.0     2
52.0     2
52.0     2
52.0     2
52.0     2
52.1     2
52.1     2
52.1     2
52.1     2
52.1     2
52.2     1
52.2     1
52.2     1
52.2     2
52.2     2
52.3     3
52.3     3
52.3     3
52.3     2
52.3     2
52.4     1
52.4     1
52.4     1
52.4     1
52.4     1
52.5     1
52.5     1
52.5     2
52.5     2
52.5     2
52.6     2
52.6     2
52.6     2
52.6     2
52.6     1
52.7     1
52.7     1
52.7     1
52.7     1
52.7     1
52.8     1
52.8     2
52.8     2
52.8     3
52.8     4
52.9     4
52.9     5
52.9     5
52.9     4
52.9     4
53.0     3
53.0     3
53.0     2
53.0     2
53.0     1
53.1     1
53.1     1
53.1     1
53.1     1
53.1     1
53.2     1
53.2     2
53.2     2
53.2     3
53.2     3
53.3     3
53.3     2
53.3     2
53.3     1
53.3     1
53.4     1
53.4     2
53.4     2
53.4     3
53.4     3
53.5     3
53.5     3
53.5     4
53.5     4
53.5     4
53.6     5
53.6     5
53.6     5
53.6     5
53.6     5
53.7     4
53.7     4
53.7     4
53.7     4
53.7     4
53.8     4
53.8     4
53.8     3
53.8     3
53.8     2
53.9     2
53.9     2
53.9     2
53.9     2
53.9     2
54.0     2
54.0     2
54.0     2
54.0     2
54.0     3
54.1     3
54.1     2
54.1     2
54.1     1
54.1     1
54.2     1
54.2     2
54.2     2
54.2     3
54.2     3
54.3     3
54.3     3
54.3     3
54.3     3
54.3     3
54.4     3
54.4     3
54.4     2
54.4     2
54.4     2
54.5     3
54.5     3
54.5     3
54.5     4
54.5     4
54.6     4
54.6     4
54.6     4
54.6     3
54.6     2
54.7     1
54.7     1
54.7     1
54.7     1
54.7     2
54.8     2
54.8     2
54.8     2
54.8     2
54.8     2
54.9     3
54.9     3
54.9     3
54.9     4
54.9     4
55.0     4
55.0     4
55.0     4
55.0     4
55.0     3
55.1     2
55.1     1
55.1     1
55.1     1
55.1     1
55.2     1
55.2     2
55.2     2
55.2     2
55.2     2
55.3     2
55.3     2
55.3     2
55.3     3
55.3     3
55.4     3
55.4     3
55.4     3
55.4     3
55.4     3
55.5     3
55.5     3
55.5     3
55.5     3
55.5     2
55.6     2
55.6     2
55.6     2
55.6     1
55.6     1
55.7     1
55.7     1
55.7     1
55.7     2
55.7     3
55.8     4
55.8     4
55.8     4
55.8     4
55.8     4
55.9     4
55.9     3
55.9     2
55.9     2
55.9     1
56.0     1
56.0     1
56.0     2
56.0     2
56.0     2
56.1     2
56.1     2
56.1     2
56.1     2
56.1     2
56.2     2
56.2     3
56.2     4
56.2     5
56.2     5
56.3     4
56.3     3
56.3     2
56.3     1
56.3     1
56.4     0
56.4     0
56.4     0
56.4     1
56.4     1
56.5     1
56.5     1
56.5     1
56.5     2
56.5     3
56.6     3
56.6     4
56.6     4
56.6     3
56.6     3
56.7     2
56.7     2
56.7     2
56.7     2
56.7     2
56.8     2
56.8     1
56.8     1
56.8     1
56.8     0
56.9     0
56.9     1
56.9     1
56.9     2
56.9     3
57.0     4
57.0     5
57.0     6
57.0     6
57.0     6
57.1     6
57.1     6
57.1     5
57.1     5
57.1     5
57.2     5
57.2     5
57.2     5
57.2     6
57.2     7
57.3     7
57.3     8
57.3     9
57.3     9
57.3     8
57.4     7
57.4     6
57.4     5
57.4     4
57.4     4
57.5     3
57.5     2
57.5     2
57.5     2
57.5     3
57.6     3
57.6     4
57.6     5
57.6     5
57.6     5
57.7     5
57.7     5
57.7     4
57.7     4
57.7     3
57.8     3
57.8     3
57.8     3
57.8     4
57.8     4
57.9     5
57.9     5
57.9     5
57.9     5
57.9     4
58.0     3
58.0     2
58.0     1
58.0     1
58.0     0
58.1     0
58.1     1
58.1     1
58.1     1
58.1     2
58.2     2
58.2     3
58.2     3
58.2     4
58.2     4
58.3     4
58.3     4
58.3     3
58.3     2
58.3     1
58.4     0
58.4     0
58.4     0
58.4     1
58.4     1
58.5     2
58.5     2
58.5     2
58.5     3
58.5     3
58.6     3
58.6     4
58.6     4
58.6     4
58.6     4
58.7     4
58.7     3
58.7     2
58.7     1
58.7     0
58.8     0
58.8     0
58.8     0
58.8     1
58.8     2
58.9     3
58.9     4
58.9     5
58.9     5
58.9     6
59.0     6
59.0     5
59.0     4
59.0     3
59.0     2
59.1     2
59.1     2
59.1     3
59.1     4
59.1     5
59.2     5
59.2     4
59.2     3
59.2     2
59.2     2
59.3     2
59.3     2
59.3     2
59.3     2
59.3     2
59.4     3
59.4     3
59.4     3
59.4     3
59.4     2
59.5     2
59.5     2
59.5     2
59.5     2
59.5     3
59.6     3
59.6     3
59.6     4
59.6     4
59.6     4
59.7     3
59.7     3
59.7     2
59.7     2
59.7     2
59.8     3
59.8     3
59.8     3
59.8     3
59.8     3
59.9     2
59.9     2
59.9     1
59.9     1
59.9     1
60.0     1
60.0     2
60.0     2
60.0     3
60.0     3
60.1     3
60.1     3
60.1     2
60.1     2
60.1     1
60.2     1
60.2     1
60.2     2
60.2     4
60.2     5
60.3     6
60.3     6
60.3     5
60.3     4
60.3     3
60.4     2
60.4     1
60.4     1
60.4     0
60.4     0
60.5     0
60.5     0
60.5     1
60.5     2
60.5     3
60.6     4
60.6     4
60.6     4
60.6     4
60.6     3
60.7     2
60.7     1
60.7     1
60.7     1
60.7     1
60.8     1
60.8     1
60.8     1
60.8     1
60.8     1
60.9     1
60.9     1
60.9     1
60.9     2
60.9     2
61.0     3
61.0     3
61.0     3
61.0     3
61.0     2
61.1     2
61.1     1
61.1     1
61.1     1
61.1     1
61.2     1
61.2     1
61.2     1
61.2     1
61.2     1
61.3     1
61.3     2
61.3     2
61.3     3
61.3     3
61.4     3
61.4     2
61.4     2
61.4     1
61.4     1
61.5     1
61.5     2
61.5     2
61.5     2
61.5     1
61.6     1
61.6     1
61.6     1
61.6     1
61.6     2
61.7     2
61.7     2
61.7     2
61.7     1
61.7     1
61.8     1
61.8     2
61.8     2
61.8     2
61.8     1
61.9     1
61.9     1
61.9     1
61.9     1
61.9     1
62.0     1
62.0     1
62.0     1
62.0     2
62.0     2
62.1     2
62.1     2
62.1     2
62.1     2
62.1     2
62.2     2
62.2     2
62.2     2
62.2     1
62.2     1
62.3     1
62.3     2
62.3     2
62.3     2
62.3     3
62.4     3
62.4     3
62.4     3
62.4     3
62.4     3
62.5     3
62.5     3
62.5     3
62.5     3
62.5     4
62.6     4
62.6     5
62.6     5
62.6     5
62.6     6
62.7     6
62.7     7
62.7     7
62.7     7
62.7     7
62.8     8
62.8     8
62.8     9
62.8     9
62.8     9
62.9     9
62.9     8
62.9     7
62.9     7
62.9     7
63.0     7
63.0     8
63.0     8
63.0     9
63.0     9
63.1     8
63.1     7
63.1     5
63.1     4
63.1     3
63.2     3
63.2     3
63.2     2
63.2     2
63.2     2
63.3     2
63.3     2
63.3     3
63.3     3
63.3     3
63.4     3
63.4     3
63.4     3
63.4     3
63.4     3
63.5     3
63.5     3
63.5     3
63.5     3
63.5     2
63.6     2
63.6     2
63.6     2
63.6     2
63.6     2
63.7     2
63.7     2
63.7     2
63.7     2
63.7     1
63.8     1
63.8     1
63.8     2
63.8     3
63.8     5
63.9     6
63.9     7
63.9     7
63.9     6
63.9     4
64.0     3
64.0     2
64.0     1
64.0     1
64.0     1
64.1     1
64.1     2
64.1     2
64.1     3
64.1     3
64.2     3
64.2     3
64.2     4
64.2     4
64.2     4
64.3     4
64.3     4
64.3     4
64.3     4
64.3     4
64.4     4
64.4     3
64.4     3
64.4     3
64.4     3
64.5     3
64.5     3
64.5     3
64.5     3
64.5     2
64.6     2
64.6     2
64.6     2
64.6     2
64.6     2
64.7     2
64.7     2
64.7     2
64.7     3
64.7     3
64.8     3
64.8     3
64.8     3
64.8     2
64.8     2
64.9     1
64.9     1
64.9     2
64.9     2
64.9     3
65.0     3
65.0     4
65.0     4
65.0     4
65.0     4
65.1     4
65.1     4
65.1     4
65.1     4
65.1     3
65.2     3
65.2     2
65.2     2
65.2     1
65.2     1
65.3     1
65.3     2
65.3     2
65.3     2
65.3     3
65.4     3
65.4     4
65.4     4
65.4     4
65.4     3
65.5     3
65.5     3
65.5     3
65.5     3
65.5     4
65.6     4
65.6     3
65.6     3
65.6     2
65.6     1
65.7     1
65.7     1
65.7     1
65.7     1
65.7     1
65.8     1
65.8     2
65.8     2
65.8     2
65.8     2
65.9     2
65.9     2
65.9     2
65.9     2
65.9     2
66.0     3
66.0     3
66.0     3
66.0     3
66.0     3
66.1     3
66.1     3
66.1     3
66.1     3
66.1     3
66.2     4
66.2     4
66.2     4
66.2     3
66.2     2
66.3     2
66.3     1
66.3     1
66.3     0
66.3     0
66.4     1
66.4     1
66.4     2
66.4     3
66.4     3
66.5     4
66.5     4
66.5     4
66.5     5
66.5     5
66.6     5
66.6     4
66.6     3
66.6     2
66.6     2
66.7     1
66.7     1
66.7     1
66.7     1
66.7     1
66.8     1
66.8     1
66.8     2
66.8     2
66.8     2
66.9     2
66.9     2
66.9     2
66.9     3
66.9     3
67.0     3
67.0     2
67.0     1
67.0     0
67.0     0
67.1     0
67.1     1
67.1     1
67.1     2
67.1     2
67.2     2
67.2     3
67.2     3
67.2     3
67.2     3
67.3     2
67.3     1
67.3     1
67.3     1
67.3     2
67.4     3
67.4     3
67.4     3
67.4     3
67.4     2
67.5     1
67.5     0
67.5     0
67.5     0
67.5     0
67.6     1
67.6     1
67.6     2
67.6     2
67.6     3
67.7     3
67.7     3
67.7     3
67.7     3
67.7     3
67.8     2
67.8     2
67.8     1
67.8     1
67.8     1
67.9     1
67.9     1
67.9     1
67.9     1
67.9     1
68.0     1
68.0     1
68.0     1
68.0     2
68.0     2
68.1     3
68.1     3
68.1     3
68.1     3
68.1     3
68.2     3
68.2     3
68.2     3
68.2     3
68.2     3
68.3     3
68.3     3
68.3     3
68.3     3
68.3     3
68.4     2
68.4     2
68.4     1
68.4     0
68.4     0
68.5     0
68.5     0
68.5     0
68.5     0
68.5     1
68.6     1
68.6     2
68.6     3
68.6     3
68.6     3
68.7     3
68.7     2
68.7     2
68.7     1
68.7     1
68.8     1
68.8     2
68.8     2
68.8     2
68.8     2
68.9     2
68.9     2
68.9     2
68.9     2
68.9     2
69.0     2
69.0     2
69.0     2
69.0     2
69.0     2
69.1     2
69.1     1
69.1     1
69.1     0
69.1     0
69.2     0
69.2     0
69.2     0
69.2     0
69.2     1
69.3     1
69.3     1
69.3     1
69.3     1
69.3     1
69.4     1
69.4     1
69.4     1
69.4     2
69.4     2
69.5     2
69.5     2
69.5     2
69.5     2
69.5     2
69.6     1
69.6     1
69.6     1
69.6     1
69.6     2
69.7     2
69.7     3
69.7     4
69.7     4
69.7     5
69.8     5
69.8     4
69.8     4
69.8     3
69.8     2
69.9     1
69.9     1
69.9     1
69.9     1
69.9     1
70.0     1
70.0     1
70.0     1
70.0     1
70.0     2
70.1     2
70.1     3
70.1     3
70.1     3
70.1     3
70.2     2
70.2     2
70.2     1
70.2     0
70.2     0
70.3     0
70.3     1
70.3     2
70.3     2
70.3     3
70.4     3
70.4     3
70.4     3
70.4     3
70.4     3
70.5     3
70.5     2
70.5     2
70.5     1
70.5     1
70.6     1
70.6     1
70.6     1
70.6     1
70.6     2
70.7     3
70.7     3
70.7     4
70.7     5
70.7     5
70.8     6
70.8     6
70.8     5
70.8     5
70.8     4
70.9     3
70.9     2
70.9     1
70.9     1
70.9     0
71.0     0
71.0     1
71.0     1
71.0     1
71.0     2
71.1     2
71.1     2
71.1     2
71.1     2
71.1     3
71.2     3
71.2     3
71.2     3
71.2     3
71.2     3
71.3     4
71.3     4
71.3     5
71.3     5
71.3     5
71.4     5
71.4     4
71.4     4
71.4     4
71.4     3
71.5     3
71.5     3
71.5     2
71.5     2
71.5     2
71.6     2
71.6     2
71.6     2
71.6     2
71.6     2
71.7     2
71.7     2
71.7     3
71.7     4
71.7     5
71.8     5
71.8     5
71.8     5
71.8     4
71.8     4
71.9     4
71.9     4
71.9     3
71.9     3
71.9     3
72.0     2
72.0     2
72.0     2
72.0     2
72.0     2
72.1     2
72.1     2
72.1     2
72.1     2
72.1     2
72.2     3
72.2     3
72.2     3
72.2     3
72.2     3
72.3     3
72.3     3
72.3     3
72.3     3
72.3     3
72.4     3
72.4     3
72.4     3
72.4     4
72.4     4
72.5     5
72.5     5
72.5     5
72.5     5
72.5     4
72.6     3
72.6     2
72.6     2
72.6     2
72.6     3
72.7     3
72.7     3
72.7     4
72.7     4
72.7     5
72.8     5
72.8     6
72.8     6
72.8     6
72.8     5
72.9     4
72.9     3
72.9     3
72.9     2
72.9     2
73.0     2
73.0     2
73.0     1
73.0     1
73.0     1
73.1     1
73.1     1
73.1     1
73.1     1
73.1     1
73.2     1
73.2     1
73.2     1
73.2     2
73.2     3
73.3     4
73.3     5
73.3     5
73.3     4
73.3     4
73.4     3
73.4     3
73.4     3
73.4     3
73.4     3
73.5     3
73.5     2
73.5     2
73.5     2
73.5     2
73.6     2
73.6     3
73.6     3
73.6     3
73.6     2
73.7     1
73.7     1
73.7     1
73.7     2
73.7     3
73.8     5
73.8     6
73.8     6
73.8     6
73.8     5
73.9     4
73.9     4
73.9     3
73.9     3
73.9     3
74.0     2
74.0     2
74.0     1
74.0     1
74.0     1
74.1     1
74.1     2
74.1     2
74.1     2
74.1     3
74.2     3
74.2     3
74.2     3
74.2     3
74.2     3
74.3     3
74.3     3
74.3     2
74.3     2
74.3     2
74.4     2
74.4     2
74.4     2
74.4     2
74.4     2
74.5     2
74.5     2
74.5     2
74.5     1
74.5     1
74.6     1
74.6     2
74.6     3
74.6     4
74.6     5
74.7     5
74.7     6
74.7     6
74.7     5
74.7     4
74.8     3
74.8     2
74.8     1
74.8     1
74.8     0
74.9     0
74.9     0
74.9     0
74.9     1
74.9     1
75.0     1
75.0     1
75.0     1
75.0     1
75.0     1
75.1     1
75.1     2
75.1     2
75.1     2
75.1     2
75.2     1
75.2     1
75.2     1
75.2     1
75.2     1
75.3     1
75.3     0
75.3     0
75.3     0
75.3     0
75.4     1
75.4     1
75.4     1
75.4     1
75.4     1
75.5     1
75.5     1
75.5     2
75.5     2
75.5     3
75.6     3
75.6     3
75.6     2
75.6     2
75.6     1
75.7     1
75.7     1
75.7     1
75.7     1
75.7     1
75.8     0
75.8     0
75.8     0
75.8     0
75.8     1
75.9     1
75.9     1
75.9     1
75.9     0
75.9     0
76.0     0
76.0     0
76.0     0
76.0     1
76.0     1
76.1     1
76.1     2
76.1     2
76.1     2
76.1     2
76.2     1
76.2     1
76.2     0
76.2     0
76.2     0
76.3     0
76.3     1
76.3     1
76.3     1
76.3     1
76.4     1
76.4     1
76.4     1
76.4     1
76.4     1
76.5     1
76.5     1
76.5     1
76.5     1
76.5     1
76.6     1
76.6     1
76.6     1
76.6     1
76.6     1
76.7     1
76.7     1
76.7     1
76.7     1
76.7     1
76.8     1
76.8     1
76.8     2
76.8     2
76.8     2
76.9     2
76.9     2
76.9     1
76.9     1
76.9     1
77.0     1
77.0     1
77.0     0
77.0     0
77.0     0
77.1     1
77.1     1
77.1     1
77.1     1
77.1     1
77.2     1
77.2     1
77.2     1
77.2     1
77.2     1
77.3     1
77.3     2
77.3     2
77.3     2
77.3     3
77.4     3
77.4     3
77.4     3
77.4     3
77.4     2
77.5     1
77.5     0
77.5     0
77.5     0
77.5     0
77.6     0
77.6     0
77.6     0
77.6     0
77.6     0
77.7     1
77.7     1
77.7     2
77.7     2
77.7     2
77.8     2
77.8     2
77.8     2
77.8     2
77.8     2
77.9     2
77.9     2
77.9     1
77.9     1
77.9     1
78.0     1
78.0     1
78.0     2
78.0     2
78.0     3
78.1     3
78.1     3
78.1     2
78.1     2
78.1     1
78.2     1
78.2     1
78.2     2
78.2     2
78.2     2
78.3     2
78.3     1
78.3     1
78.3     1
78.3     2
78.4     2
78.4     2
78.4     2
78.4     2
78.4     1
78.5     1
78.5     1
78.5     1
78.5     1
78.5     1
78.6     1
78.6     1
78.6     2
78.6     2
78.6     2
78.7     2
78.7     2
78.7     2
78.7     1
78.7     1
78.8     1
78.8     1
78.8     1
78.8     1
78.8     1
78.9     1
78.9     0
78.9     0
78.9     0
78.9     0
79.0     0
79.0     0
79.0     0
79.0     1
79.0     2
79.1     4
79.1     5
79.1     5
79.1     5
79.1     4
79.2     3
79.2     2
79.2     2
79.2     2
79.2     2
79.3     2
79.3     2
79.3     1
79.3     1
79.3     1
79.4     1
79.4     1
79.4     1
79.4     1
79.4     1
79.5     1
79.5     1
79.5     2
79.5     2
79.5     2
79.6     2
79.6     2
79.6     2
79.6     1
79.6     1
79.7     0
79.7     0
79.7     0
79.7     0
79.7     1
79.8     1
79.8     1
79.8     2
79.8     2
79.8     2
79.9     2
79.9     2
79.9     2
79.9     2
79.9     2
80.0     2
80.0     2
80.0     1
80.0     1
80.0     1
80.1     1
80.1     1
80.1     1
80.1     1
80.1     1
80.2     1
80.2     1
80.2     1
80.2     1
80.2     1
80.3     1
80.3     1
80.3     1
80.3     1
80.3     1
80.4     1
80.4     1
80.4     1
80.4     1
80.4     1
80.5     1
80.5     1
80.5     1
80.5     1
80.5     1
80.6     1
80.6     1
80.6     1
80.6     1
80.6     1
80.7     1
80.7     1
80.7     1
80.7     1
80.7     1
80.8     1
80.8     1
80.8     1
80.8     1
80.8     1
80.9     1
80.9     1
80.9     1
80.9     1
80.9     1
81.0     1
81.0     1
81.0     1
81.0     1
81.0     1
81.1     2
81.1     2
81.1     1
81.1     1
81.1     0
81.2     0
81.2     0
81.2     0
81.2     1
81.2     2
81.3     2
81.3     3
81.3     3
81.3     3
81.3     2
81.4     2
81.4     2
81.4     2
81.4     2
81.4     1
81.5     1
81.5     1
81.5     0
81.5     0
81.5     0
81.6     0
81.6     0
81.6     1
81.6     1
81.6     2
81.7     2
81.7     2
81.7     1
81.7     1
81.7     1
81.8     1
81.8     2
81.8     2
81.8     2
81.8     2
81.9     1
81.9     1
81.9     1
81.9     1
81.9     2
82.0     2
82.0     3
82.0     3
82.0     3
82.0     3
82.1     2
82.1     2
82.1     1
82.1     1
82.1     1
82.2     1
82.2     1
82.2     1
82.2     1
82.2     1
82.3     1
82.3     1
82.3     1
82.3     1
82.3     1
82.4     1
82.4     1
82.4     1
82.4     1
82.4     1
82.5     1
82.5     2
82.5     2
82.5     2
82.5     1
82.6     1
82.6     1
82.6     1
82.6     1
82.6     1
82.7     2
82.7     2
82.7     2
82.7     2
82.7     1
82.8     1
82.8     1
82.8     2
82.8     2
82.8     2
82.9     2
82.9     1
82.9     1
82.9     0
82.9     0
83.0     0
83.0     1
83.0     1
83.0     1
83.0     1
83.1     1
83.1     0
83.1     0
83.1     1
83.1     1
83.2     2
83.2     2
83.2     2
83.2     2
83.2     2
83.3     3
83.3     3
83.3     3
83.3     4
83.3     4
83.4     4
83.4     3
83.4     2
83.4     2
83.4     1
83.5     1
83.5     1
83.5     1
83.5     1
83.5     0
83.6     0
83.6     0
83.6     0
83.6     1
83.6     1
83.7     1
83.7     1
83.7     1
83.7     1
83.7     1
83.8     1
83.8     1
83.8     1
83.8     1
83.8     1
83.9     1
83.9     2
83.9     2
83.9     2
83.9     2
84.0     2
84.0     1
84.0     1
84.0     1
84.0     1
84.1     1
84.1     2
84.1     2
84.1     2
84.1     2
84.2     1
84.2     1
84.2     1
84.2     1
84.2     1
84.3     1
84.3     2
84.3     2
84.3     2
84.3     1
84.4     1
84.4     0
84.4     0
84.4     0
84.4     1
84.5     1
84.5     1
84.5     1
84.5     1
84.5     1
84.6     1
84.6     2
84.6     2
84.6     2
84.6     2
84.7     2
84.7     2
84.7     1
84.7     1
84.7     1
84.8     1
84.8     1
84.8     1
84.8     1
84.8     0
84.9     0
84.9     0
84.9     1
84.9     2
84.9     3
85.0     3
85.0     3
85.0     3
85.0     2
85.0     2
85.1     2
85.1     2
85.1     2
85.1     2
85.1     1
85.2     1
85.2     1
85.2     1
85.2     1
85.2     1
85.3     1
85.3     1
85.3     1
85.3     1
85.3     1
85.4     1
85.4     1
85.4     1
85.4     1
85.4     1
85.5     2
85.5     2
85.5     2
85.5     1
85.5     1
85.6     1
85.6     1
85.6     1
85.6     1
85.6     1
85.7     1
85.7     1
85.7     1
85.7     1
85.7     1
85.8     1
85.8     1
85.8     1
85.8     1
85.8     1
85.9     1
85.9     1
85.9     2
85.9     2
85.9     2
86.0     2
86.0     1
86.0     1
86.0     1
86.0     1
86.1     1
86.1     1
86.1     0
86.1     0
86.1     0
86.2     0
86.2     0
86.2     0
86.2     1
86.2     1
86.3     1
86.3     2
86.3     2
86.3     2
86.3     2
86.4     1
86.4     1
86.4     1
86.4     1
86.4     2
86.5     2
86.5     2
86.5     2
86.5     1
86.5     1
86.6     0
86.6     0
86.6     0
86.6     0
86.6     0
86.7     0
86.7     0
86.7     0
86.7     0
86.7     1
86.8     1
86.8     1
86.8     2
86.8     2
86.8     2
86.9     2
86.9     2
86.9     2
86.9     2
86.9     2
87.0     2
87.0     2
87.0     2
87.0     1
87.0     1
87.1     0
87.1     0
87.1     0
87.1     0
87.1     0
87.2     0
87.2     0
87.2     0
87.2     0
87.2     1
87.3     1
87.3     1
87.3     2
87.3     2
87.3     2
87.4     1
87.4     1
87.4     0
87.4     0
87.4     0
87.5     0
87.5     0
87.5     0
87.5     0
87.5     0
87.6     1
87.6     1
87.6     1
87.6     2
87.6     2
87.7     2
87.7     2
87.7     2
87.7     3
87.7     3
87.8     3
87.8     3
87.8     2
87.8     2
87.8     1
87.9     1
87.9     1
87.9     1
87.9     1
87.9     1
88.0     1
88.0     0
88.0     0
88.0     0
88.0     1
88.1     2
88.1     2
88.1     2
88.1     2
88.1     1
88.2     1
88.2     1
88.2     1
88.2     1
88.2     2
88.3     2
88.3     2
88.3     1
88.3     1
88.3     1
88.4     2
88.4     2
88.4     2
88.4     2
88.4     2
88.5     1
88.5     1
88.5     1
88.5     0
88.5     0
88.6     0
88.6     0
88.6     0
88.6     0
88.6     1
88.7     1
88.7     1
88.7     1
88.7     1
88.7     1
88.8     2
88.8     2
88.8     2
88.8     2
88.8     2
88.9     2
88.9     2
88.9     1
88.9     1
88.9     1
89.0     1
89.0     1
89.0     2
89.0     2
89.0     2
89.1     2
89.1     2
89.1     1
89.1     1
89.1     1
89.2     1
89.2     1
89.2     1
89.2     1
89.2     1
89.3     1
89.3     1
89.3     1
89.3     1
89.3     1
89.4     1
89.4     1
89.4     1
89.4     2
89.4     2
89.5     2
89.5     2
89.5     2
89.5     2
89.5     1
89.6     1
89.6     1
89.6     1
89.6     1
89.6     1
89.7     1
89.7     2
89.7     2
89.7     3
89.7     3
89.8     2
89.8     1
89.8     1
89.8     0
89.8     0
89.9     0
89.9     0
89.9     0
89.9     0
89.9     0
90.0     0
