XN4
10.0     1
10.0     1
10.0     1
10.0     1
10.0     2
10.1     2
10.1     2
10.1     2
10.1     2
10.1     2
10.2     2
10.2     2
10.2     2
10.2     2
10.2     2
10.3     2
10.3     2
10.3     1
10.3     1
10.3     1
10.4     1
10.4     1
10.4     2
10.4     2
10.4     3
10.5     3
10.5     2
10.5     2
10.5     2
10.5     2
10.6     2
10.6     2
10.6     2
10.6     2
10.6     2
10.7     2
10.7     2
10.7     2
10.7     2
10.7     1
10.8     1
10.8     1
10.8     1
10.8     2
10.8     2
10.9     3
10.9     3
10.9     3
10.9     3
10.9     2
11.0     2
11.0     2
11.0     2
11.0     2
11.0     2
11.1     1
11.1     1
11.1     1
11.1     1
11.1     2
11.2     2
11.2     2
11.2     2
11.2     2
11.2     2
11.3     2
11.3     1
11.3     1
11.3     1
11.3     1
11.4     2
11.4     2
11.4     2
11.4     3
11.4     3
11.5     3
11.5     2
11.5     2
11.5     2
11.5     2
11.6     2
11.6     2
11.6     2
11.6     2
11.6     2
11.7     2
11.7     2
11.7     2
11.7     1
11.7     1
11.8     1
11.8     2
11.8     2
11.8     2
11.8     2
11.9     2
11.9     2
11.9     2
11.9     2
11.9     2
12.0     2
12.0     2
12.0     2
12.0     2
12.0     2
12.1     2
12.1     1
12.1     1
12.1     1
12.1     2
12.2     2
12.2     3
12.2     3
12.2     3
12.2     2
12.3     2
12.3     2
12.3     2
12.3     2
12.3     2
12.4     2
12.4     2
12.4     2
12.4     2
12.4     2
12.5     2
12.5     2
12.5     2
12.5     2
12.5     2
12.6     2
12.6     2
12.6     3
12.6     3
12.6     3
12.7     3
12.7     2
12.7     2
12.7     2
12.7     1
12.8     1
12.8     1
12.8     1
12.8     2
12.8     2
12.9     2
12.9     2
12.9     2
12.9     2
12.9     2
13.0     2
13.0     2
13.0     2
13.0     2
13.0     3
13.1     3
13.1     3
13.1     3
13.1     3
13.1     3
13.2     3
13.2     3
13.2     3
13.2     3
13.2     3
13.3     3
13.3     3
13.3     3
13.3     3
13.3     3
13.4     2
13.4     2
13.4     1
13.4     1
13.4     1
13.5     1
13.5     2
13.5     2
13.5     2
13.5     2
13.6     2
13.6     2
13.6     2
13.6     2
13.6     2
13.7     2
13.7     2
13.7     2
13.7     2
13.7     2
13.8     2
13.8     3
13.8     3
13.8     3
13.8     3
13.9     2
13.9     2
13.9     1
13.9     1
13.9     1
14.0     1
14.0     2
14.0     2
14.0     3
14.0     3
14.1     3
14.1     2
14.1     2
14.1     2
14.1     1
14.2     1
14.2     2
14.2     2
14.2     3
14.2     3
14.3     3
14.3     3
14.3     3
14.3     2
14.3     2
14.4     2
14.4     2
14.4     2
14.4     2
14.4     2
14.5     2
14.5     2
14.5     1
14.5     1
14.5     1
14.6     1
14.6     2
14.6     2
14.6     2
14.6     2
14.7     1
14.7     1
14.7     1
14.7     1
14.7     1
14.8     1
14.8     1
14.8     1
14.8     2
14.8     2
14.9     2
14.9     2
14.9     2
14.9     2
14.9     2
15.0     2
15.0     2
15.0     2
15.0     2
15.0     2
15.1     2
15.1     2
15.1     2
15.1     3
15.1     3
15.2     3
15.2     2
15.2     2
15.2     2
15.2     2
15.3     2
15.3     2
15.3     2
15.3     2
15.3     2
15.4     2
15.4     1
15.4     1
15.4     1
15.4     1
15.5     1
15.5     2
15.5     2
15.5     3
15.5     3
15.6     3
15.6     3
15.6     2
15.6     2
15.6     2
15.7     2
15.7     2
15.7     2
15.7     2
15.7     1
15.8     1
15.8     1
15.8     1
15.8     1
15.8     2
15.9     2
15.9     2
15.9     2
15.9     3
15.9     3
16.0     3
16.0     3
16.0     2
16.0     2
16.0     1
16.1     1
16.1     1
16.1     1
16.1     1
16.1     2
16.2     2
16.2     2
16.2     2
16.2     2
16.2     2
16.3     2
16.3     2
16.3     2
16.3     2
16.3     2
16.4     2
16.4     2
16.4     2
16.4     2
16.4     2
16.5     1
16.5     1
16.5     1
16.5     1
16.5     1
16.6     1
16.6     2
16.6     2
16.6     2
16.6     2
16.7     2
16.7     2
16.7     1
16.7     1
16.7     1
16.8     2
16.8     2
16.8     2
16.8     2
16.8     1
16.9     1
16.9     1
16.9     2
16.9     2
16.9     2
17.0     2
17.0     1
17.0     1
17.0     1
17.0     2
17.1     2
17.1     2
17.1     2
17.1     2
17.1     2
17.2     2
17.2     3
17.2     3
17.2     3
17.2     3
17.3     2
17.3     2
17.3     2
17.3     1
17.3     1
17.4     1
17.4     1
17.4     1
17.4     2
17.4     2
17.5     2
17.5     2
17.5     2
17.5     2
17.5     1
17.6     1
17.6     1
17.6     1
17.6     1
17.6     1
17.7     1
17.7     1
17.7     1
17.7     1
17.7     0
17.8     0
17.8     0
17.8     0
17.8     1
17.8     1
17.9     1
17.9     1
17.9     1
17.9     1
17.9     1
18.0     2
18.0     2
18.0     2
18.0     2
18.0     2
18.1     2
18.1     2
18.1     2
18.1     2
18.1     2
18.2     2
18.2     2
18.2     2
18.2     2
18.2     2
18.3     2
18.3     2
18.3     2
18.3     2
18.3     2
18.4     2
18.4     2
18.4     3
18.4     3
18.4     3
18.5     2
18.5     2
18.5     1
18.5     1
18.5     1
18.6     1
18.6     2
18.6     2
18.6     2
18.6     2
18.7     2
18.7     2
18.7     3
18.7     3
18.7     2
18.8     2
18.8     1
18.8     1
18.8     1
18.8     1
18.9     2
18.9     2
18.9     2
18.9     2
18.9     2
19.0     1
19.0     1
19.0     2
19.0     2
19.0     3
19.1     3
19.1     3
19.1     2
19.1     2
19.1     1
19.2     1
19.2     1
19.2     1
19.2     1
19.2     1
19.3     1
19.3     1
19.3     1
19.3     1
19.3     1
19.4     2
19.4     2
19.4     2
19.4     2
19.4     2
19.5     2
19.5     2
19.5     2
19.5     2
19.5     2
19.6     2
19.6     2
19.6     1
19.6     1
19.6     1
19.7     1
19.7     1
19.7     1
19.7     1
19.7     1
19.8     2
19.8     2
19.8     2
19.8     2
19.8     2
19.9     2
19.9     1
19.9     1
19.9     0
19.9     0
20.0     0
20.0     1
20.0     1
20.0     1
20.0     1
20.1     1
20.1     1
20.1     1
20.1     1
20.1     1
20.2     1
20.2     2
20.2     2
20.2     2
20.2     3
20.3     3
20.3     3
20.3     2
20.3     1
20.3     1
20.4     1
20.4     1
20.4     2
20.4     2
20.4     2
20.5     2
20.5     2
20.5     2
20.5     1
20.5     1
20.6     1
20.6     1
20.6     1
20.6     2
20.6     2
20.7     3
20.7     3
20.7     3
20.7     3
20.7     3
20.8     3
20.8     3
20.8     3
20.8     3
20.8     3
20.9     3
20.9     3
20.9     3
20.9     3
20.9     3
21.0     3
21.0     3
21.0     3
21.0     2
21.0     2
21.1     2
21.1     2
21.1     2
21.1     2
21.1     2
21.2     2
21.2     2
21.2     2
21.2     2
21.2     2
21.3     3
21.3     3
21.3     3
21.3     2
21.3     2
21.4     1
21.4     1
21.4     1
21.4     1
21.4     1
21.5     1
21.5     1
21.5     1
21.5     2
21.5     2
21.6     3
21.6     3
21.6     3
21.6     2
21.6     2
21.7     2
21.7     2
21.7     2
21.7     2
21.7     3
21.8     3
21.8     3
21.8     2
21.8     1
21.8     1
21.9     0
21.9     0
21.9     0
21.9     1
21.9     2
22.0     4
22.0     5
22.0     6
22.0     6
22.0     5
22.1     4
22.1     3
22.1     3
22.1     2
22.1     2
22.2     2
22.2     2
22.2     3
22.2     3
22.2     4
22.3     4
22.3     4
22.3     4
22.3     4
22.3     4
22.4     4
22.4     5
22.4     5
22.4     5
22.4     5
22.5     5
22.5     5
22.5     5
22.5     6
22.5     6
22.6     6
22.6     5
22.6     4
22.6     3
22.6     3
22.7     3
22.7     3
22.7     3
22.7     3
22.7     3
22.8     2
22.8     2
22.8     2
22.8     2
22.8     3
22.9     3
22.9     4
22.9     4
22.9     4
22.9     4
23.0     3
23.0     3
23.0     2
23.0     2
23.0     2
23.1     2
23.1     2
23.1     2
23.1     3
23.1     3
23.2     4
23.2     4
23.2     4
23.2     5
23.2     5
23.3     4
23.3     4
23.3     3
23.3     3
23.3     4
23.4     4
23.4     5
23.4     5
23.4     5
23.4     4
23.5     3
23.5     2
23.5     1
23.5     1
23.5     1
23.6     1
23.6     2
23.6     2
23.6     3
23.6     3
23.7     3
23.7     4
23.7     4
23.7     4
23.7     4
23.8     4
23.8     4
23.8     4
23.8     4
23.8     4
23.9     4
23.9     4
23.9     5
23.9     5
23.9     6
24.0     7
24.0     7
24.0     7
24.0     6
24.0     5
24.1     4
24.1     3
24.1     2
24.1     2
24.1     2
24.2     3
24.2     3
24.2     4
24.2     5
24.2     6
24.3     6
24.3     6
24.3     5
24.3     4
24.3     3
24.4     2
24.4     2
24.4     2
24.4     3
24.4     4
24.5     4
24.5     4
24.5     4
24.5     3
24.5     3
24.6     2
24.6     2
24.6     3
24.6     3
24.6     4
24.7     4
24.7     4
24.7     4
24.7     3
24.7     3
24.8     2
24.8     2
24.8     2
24.8     3
24.8     3
24.9     4
24.9     4
24.9     3
24.9     3
24.9     3
25.0     3
25.0     4
25.0     4
25.0     5
25.0     5
25.1     5
25.1     4
25.1     3
25.1     2
25.1     1
25.2     1
25.2     1
25.2     1
25.2     2
25.2     3
25.3     4
25.3     4
25.3     4
25.3     3
25.3     3
25.4     2
25.4     2
25.4     2
25.4     2
25.4     2
25.5     2
25.5     2
25.5     2
25.5     1
25.5     1
25.6     1
25.6     1
25.6     1
25.6     1
25.6     1
25.7     2
25.7     2
25.7     3
25.7     3
25.7     3
25.8     2
25.8     1
25.8     1
25.8     1
25.8     1
25.9     2
25.9     2
25.9     3
25.9     3
25.9     3
26.0     3
26.0     3
26.0     3
26.0     3
26.0     3
26.1     3
26.1     2
26.1     2
26.1     2
26.1     2
26.2     3
26.2     3
26.2     3
26.2     4
26.2     4
26.3     5
26.3     5
26.3     5
26.3     5
26.3     5
26.4     5
26.4     4
26.4     4
26.4     4
26.4     4
26.5     4
26.5     3
26.5     3
26.5     2
26.5     2
26.6     2
26.6     2
26.6     3
26.6     4
26.6     6
26.7     7
26.7     7
26.7     7
26.7     6
26.7     6
26.8     5
26.8     5
26.8     5
26.8     5
26.8     5
26.9     4
26.9     4
26.9     3
26.9     3
26.9     3
27.0     4
27.0     4
27.0     5
27.0     5
27.0     5
27.1     5
27.1     4
27.1     4
27.1     4
27.1     4
27.2     4
27.2     4
27.2     4
27.2     4
27.2     4
27.3     4
27.3     4
27.3     4
27.3     3
27.3     3
27.4     2
27.4     2
27.4     3
27.4     3
27.4     4
27.5     5
27.5     6
27.5     6
27.5     6
27.5     6
27.6     6
27.6     6
27.6     6
27.6     5
27.6     4
27.7     3
27.7     2
27.7     1
27.7     1
27.7     1
27.8     2
27.8     2
27.8     3
27.8     3
27.8     3
27.9     3
27.9     3
27.9     4
27.9     5
27.9     6
28.0     6
28.0     6
28.0     5
28.0     4
28.0     3
28.1     3
28.1     3
28.1     4
28.1     4
28.1     4
28.2     3
28.2     2
28.2     2
28.2     2
28.2     3
28.3     3
28.3     4
28.3     4
28.3     4
28.3     4
28.4     4
28.4     4
28.4     5
28.4     5
28.4     5
28.5     4
28.5     3
28.5     3
28.5     3
28.5     3
28.6     4
28.6     5
28.6     6
28.6     7
28.6     7
28.7     6
28.7     6
28.7     5
28.7     4
28.7     4
28.8     4
28.8     4
28.8     4
28.8     3
28.8     3
28.9     3
28.9     3
28.9     3
28.9     4
28.9     5
29.0     6
29.0     6
29.0     5
29.0     4
29.0     3
29.1     3
29.1     3
29.1     3
29.1     3
29.1     4
29.2     4
29.2     4
29.2     4
29.2     4
29.2     5
29.3     5
29.3     6
29.3     6
29.3     6
29.3     6
29.4     5
29.4     4
29.4     3
29.4     3
29.4     3
29.5     4
29.5     5
29.5     5
29.5     5
29.5     5
29.6     4
29.6     4
29.6     3
29.6     3
29.6     3
29.7     3
29.7     3
29.7     3
29.7     4
29.7     4
29.8     5
29.8     5
29.8     5
29.8     6
29.8     6
29.9     6
29.9     6
29.9     5
29.9     4
29.9     3
30.0     2
30.0     2
30.0     2
30.0     3
30.0     4
30.1     5
30.1     5
30.1     5
30.1     5
30.1     5
30.2     6
30.2     7
30.2     8
30.2     9
30.2     10
30.3     10
30.3     9
30.3     8
30.3     7
30.3     6
30.4     6
30.4     6
30.4     5
30.4     5
30.4     4
30.5     3
30.5     3
30.5     3
30.5     3
30.5     3
30.6     4
30.6     4
30.6     4
30.6     3
30.6     3
30.7     3
30.7     3
30.7     4
30.7     4
30.7     4
30.8     5
30.8     5
30.8     5
30.8     5
30.8     4
30.9     4
30.9     4
30.9     3
30.9     3
30.9     3
31.0     3
31.0     3
31.0     3
31.0     3
31.0     3
31.1     2
31.1     1
31.1     1
31.1     0
31.1     0
31.2     0
31.2     1
31.2     1
31.2     2
31.2     3
31.3     4
31.3     4
31.3     4
31.3     4
31.3     3
31.4     3
31.4     2
31.4     2
31.4     3
31.4     3
31.5     4
31.5     5
31.5     6
31.5     6
31.5     6
31.6     5
31.6     4
31.6     3
31.6     3
31.6     3
31.7     4
31.7     4
31.7     5
31.7     5
31.7     5
31.8     6
31.8     6
31.8     7
31.8     7
31.8     6
31.9     5
31.9     4
31.9     3
31.9     3
31.9     3
32.0     3
32.0     4
32.0     4
32.0     4
32.0     3
32.1     2
32.1     2
32.1     2
32.1     3
32.1     5
32.2     6
32.2     6
32.2     6
32.2     5
32.2     4
32.3     3
32.3     3
32.3     2
32.3     2
32.3     3
32.4     3
32.4     4
32.4     4
32.4     5
32.4     5
32.5     6
32.5     6
32.5     6
32.5     5
32.5     4
32.6     4
32.6     4
32.6     5
32.6     5
32.6     5
32.7     5
32.7     4
32.7     3
32.7     2
32.7     2
32.8     2
32.8     2
32.8     3
32.8     3
32.8     4
32.9     4
32.9     4
32.9     4
32.9     4
32.9     4
33.0     5
33.0     5
33.0     6
33.0     6
33.0     5
33.1     4
33.1     3
33.1     2
33.1     2
33.1     3
33.2     4
33.2     5
33.2     6
33.2     6
33.2     7
33.3     8
33.3     8
33.3     8
33.3     7
33.3     6
33.4     5
33.4     4
33.4     3
33.4     2
33.4     2
33.5     2
33.5     2
33.5     2
33.5     2
33.5     2
33.6     2
33.6     3
33.6     3
33.6     4
33.6     4
33.7     4
33.7     3
33.7     3
33.7     2
33.7     2
33.8     2
33.8     2
33.8     2
33.8     2
33.8     1
33.9     1
33.9     1
33.9     2
33.9     3
33.9     4
34.0     5
34.0     5
34.0     5
34.0     4
34.0     3
34.1     2
34.1     2
34.1     1
34.1     1
34.1     0
34.2     0
34.2     1
34.2     1
34.2     1
34.2     2
34.3     2
34.3     2
34.3     1
34.3     1
34.3     1
34.4     1
34.4     2
34.4     2
34.4     2
34.4     3
34.5     3
34.5     3
34.5     2
34.5     2
34.5     1
34.6     1
34.6     1
34.6     1
34.6     2
34.6     3
34.7     3
34.7     3
34.7     2
34.7     2
34.7     1
34.8     1
34.8     1
34.8     1
34.8     2
34.8     2
34.9     2
34.9     2
34.9     2
34.9     3
34.9     3
35.0     4
35.0     5
35.0     5
35.0     5
35.0     4
35.1     3
35.1     2
35.1     2
35.1     2
35.1     2
35.2     2
35.2     2
35.2     2
35.2     2
35.2     2
35.3     2
35.3     2
35.3     3
35.3     5
35.3     7
35.4     9
35.4     11
35.4     12
35.4     13
35.4     14
35.5     16
35.5     18
35.5     21
35.5     24
35.5     26
35.6     27
35.6     28
35.6     28
35.6     27
35.6     26
35.7     25
35.7     23
35.7     21
35.7     19
35.7     16
35.8     13
35.8     10
35.8     8
35.8     6
35.8     5
35.9     5
35.9     4
35.9     4
35.9     3
35.9     3
36.0     3
36.0     3
36.0     3
36.0     4
36.0     5
36.1     6
36.1     6
36.1     5
36.1     4
36.1     3
36.2     2
36.2     1
36.2     1
36.2     2
36.2     3
36.3     4
36.3     4
36.3     4
36.3     3
36.3     2
36.4     1
36.4     1
36.4     2
36.4     3
36.4     5
36.5     6
36.5     7
36.5     7
36.5     6
36.5     4
36.6     3
36.6     2
36.6     2
36.6     2
36.6     2
36.7     2
36.7     2
36.7     3
36.7     3
36.7     4
36.8     4
36.8     4
36.8     3
36.8     2
36.8     1
36.9     1
36.9     1
36.9     2
36.9     3
36.9     4
37.0     5
37.0     5
37.0     5
37.0     4
37.0     4
37.1     4
37.1     4
37.1     5
37.1     6
37.1     7
37.2     7
37.2     7
37.2     6
37.2     5
37.2     4
37.3     3
37.3     3
37.3     4
37.3     5
37.3     6
37.4     6
37.4     6
37.4     6
37.4     5
37.4     5
37.5     4
37.5     4
37.5     4
37.5     4
37.5     5
37.6     6
37.6     6
37.6     6
37.6     5
37.6     4
37.7     3
37.7     2
37.7     2
37.7     2
37.7     3
37.8     4
37.8     4
37.8     4
37.8     3
37.8     2
37.9     2
37.9     2
37.9     2
37.9     3
37.9     4
38.0     5
38.0     5
38.0     5
38.0     4
38.0     4
38.1     3
38.1     3
38.1     2
38.1     2
38.1     2
38.2     2
38.2     2
38.2     2
38.2     2
38.2     2
38.3     2
38.3     2
38.3     2
38.3     2
38.3     2
38.4     3
38.4     3
38.4     3
38.4     2
38.4     2
38.5     1
38.5     1
38.5     1
38.5     1
38.5     2
38.6     3
38.6     3
38.6     3
38.6     3
38.6     2
38.7     1
38.7     0
38.7     0
38.7     0
38.7     1
38.8     1
38.8     2
38.8     2
38.8     2
38.8     2
38.9     1
38.9     1
38.9     1
38.9     1
38.9     1
39.0     1
39.0     1
39.0     2
39.0     3
39.0     3
39.1     4
39.1     4
39.1     4
39.1     4
39.1     3
39.2     2
39.2     1
39.2     1
39.2     1
39.2     1
39.3     2
39.3     2
39.3     3
39.3     3
39.3     3
39.4     2
39.4     1
39.4     1
39.4     1
39.4     1
39.5     2
39.5     2
39.5     3
39.5     3
39.5     3
39.6     3
39.6     2
39.6     2
39.6     2
39.6     2
39.7     2
39.7     2
39.7     2
39.7     2
39.7     1
39.8     1
39.8     0
39.8     0
39.8     0
39.8     1
39.9     2
39.9     3
39.9     4
39.9     4
39.9     4
40.0     4
40.0     3
40.0     2
40.0     1
40.0     1
40.1     1
40.1     1
40.1     2
40.1     2
40.1     3
40.2     3
40.2     3
40.2     2
40.2     2
40.2     1
40.3     1
40.3     2
40.3     2
40.3     3
40.3     3
40.4     3
40.4     3
40.4     4
40.4     4
40.4     3
40.5     3
40.5     2
40.5     2
40.5     2
40.5     2
40.6     2
40.6     2
40.6     2
40.6     3
40.6     3
40.7     3
40.7     4
40.7     4
40.7     4
40.7     4
40.8     3
40.8     3
40.8     3
40.8     3
40.8     3
40.9     3
40.9     3
40.9     2
40.9     2
40.9     2
41.0     2
41.0     2
41.0     2
41.0     3
41.0     4
41.1     5
41.1     5
41.1     5
41.1     4
41.1     3
41.2     2
41.2     1
41.2     0
41.2     0
41.2     1
41.3     2
41.3     4
41.3     5
41.3     5
41.3     5
41.4     4
41.4     3
41.4     2
41.4     1
41.4     1
41.5     1
41.5     2
41.5     3
41.5     3
41.5     3
41.6     2
41.6     2
41.6     2
41.6     2
41.6     2
41.7     3
41.7     3
41.7     3
41.7     3
41.7     2
41.8     1
41.8     1
41.8     1
41.8     2
41.8     2
41.9     3
41.9     4
41.9     4
41.9     4
41.9     4
42.0     3
42.0     3
42.0     2
42.0     2
42.0     2
42.1     1
42.1     1
42.1     1
42.1     1
42.1     1
42.2     1
42.2     1
42.2     2
42.2     3
42.2     4
42.3     5
42.3     6
42.3     6
42.3     5
42.3     4
42.4     3
42.4     2
42.4     1
42.4     1
42.4     1
42.5     2
42.5     2
42.5     3
42.5     3
42.5     3
42.6     3
42.6     3
42.6     4
42.6     4
42.6     5
42.7     6
42.7     6
42.7     5
42.7     4
42.7     3
42.8     2
42.8     2
42.8     2
42.8     2
42.8     2
42.9     3
42.9     3
42.9     3
42.9     2
42.9     2
43.0     2
43.0     2
43.0     3
43.0     4
43.0     5
43.1     6
43.1     6
43.1     6
43.1     6
43.1     6
43.2     6
43.2     7
43.2     7
43.2     7
43.2     7
43.3     6
43.3     6
43.3     6
43.3     5
43.3     5
43.4     5
43.4     5
43.4     5
43.4     5
43.4     4
43.5     3
43.5     2
43.5     2
43.5     2
43.5     2
43.6     2
43.6     2
43.6     2
43.6     1
43.6     1
43.7     0
43.7     0
43.7     0
43.7     1
43.7     1
43.8     2
43.8     2
43.8     2
43.8     2
43.8     2
43.9     2
43.9     2
43.9     2
43.9     2
43.9     2
44.0     1
44.0     1
44.0     1
44.0     1
44.0     1
44.1     1
44.1     2
44.1     2
44.1     2
44.1     3
44.2     3
44.2     2
44.2     2
44.2     2
44.2     1
44.3     1
44.3     1
44.3     0
44.3     0
44.3     0
44.4     0
44.4     1
44.4     1
44.4     1
44.4     1
44.5     1
44.5     1
44.5     2
44.5     2
44.5     2
44.6     2
44.6     2
44.6     2
44.6     1
44.6     1
44.7     1
44.7     0
44.7     0
44.7     0
44.7     1
44.8     1
44.8     2
44.8     3
44.8     4
44.8     4
44.9     4
44.9     4
44.9     3
44.9     3
44.9     2
45.0     2
45.0     2
45.0     2
45.0     2
45.0     1
45.1     1
45.1     1
45.1     2
45.1     2
45.1     3
45.2     4
45.2     4
45.2     3
45.2     3
45.2     2
45.3     2
45.3     2
45.3     2
45.3     2
45.3     2
45.4     2
45.4     2
45.4     2
45.4     3
45.4     3
45.5     4
45.5     4
45.5     3
45.5     3
45.5     2
45.6     1
45.6     1
45.6     1
45.6     1
45.6     1
45.7     2
45.7     3
45.7     3
45.7     4
45.7     5
45.8     5
45.8     5
45.8     4
45.8     4
45.8     4
45.9     3
45.9     3
45.9     2
45.9     1
45.9     1
46.0     0
46.0     0
46.0     1
46.0     2
46.0     2
46.1     3
46.1     4
46.1     4
46.1     4
46.1     3
46.2     3
46.2     3
46.2     3
46.2     4
46.2     4
46.3     5
46.3     5
46.3     5
46.3     5
46.3     4
46.4     4
46.4     4
46.4     4
46.4     4
46.4     3
46.5     3
46.5     3
46.5     3
46.5     3
46.5     3
46.6     3
46.6     3
46.6     4
46.6     4
46.6     3
46.7     3
46.7     2
46.7     2
46.7     1
46.7     1
46.8     2
46.8     2
46.8     3
46.8     3
46.8     3
46.9     3
46.9     3
46.9     3
46.9     3
46.9     4
47.0     4
47.0     4
47.0     4
47.0     4
47.0     4
47.1     4
47.1     4
47.1     4
47.1     4
47.1     3
47.2     2
47.2     1
47.2     0
47.2     0
47.2     1
47.3     2
47.3     3
47.3     4
47.3     5
47.3     5
47.4     5
47.4     4
47.4     4
47.4     3
47.4     3
47.5     3
47.5     3
47.5     3
47.5     3
47.5     2
47.6     2
47.6     1
47.6     1
47.6     1
47.6     0
47.7     0
47.7     1
47.7     1
47.7     2
47.7     3
47.8     4
47.8     4
47.8     4
47.8     3
47.8     2
47.9     1
47.9     0
47.9     0
47.9     0
47.9     0
48.0     1
48.0     2
48.0     3
48.0     3
48.0     4
48.1     4
48.1     3
48.1     3
48.1     2
48.1     1
48.2     1
48.2     2
48.2     3
48.2     4
48.2     5
48.3     6
48.3     6
48.3     5
48.3     4
48.3     3
48.4     2
48.4     2
48.4     2
48.4     3
48.4     3
48.5     4
48.5     4
48.5     4
48.5     3
48.5     3
48.6     3
48.6     3
48.6     3
48.6     2
48.6     2
48.7     2
48.7     2
48.7     2
48.7     2
48.7     2
48.8     2
48.8     2
48.8     2
48.8     2
48.8     3
48.9     3
48.9     4
48.9     4
48.9     4
48.9     4
49.0     3
49.0     3
49.0     2
49.0     1
49.0     1
49.1     1
49.1     1
49.1     1
49.1     2
49.1     2
49.2     2
49.2     2
49.2     2
49.2     2
49.2     2
49.3     3
49.3     4
49.3     4
49.3     5
49.3     5
49.4     4
49.4     3
49.4     2
49.4     1
49.4     1
49.5     1
49.5     2
49.5     3
49.5     4
49.5     4
49.6     4
49.6     3
49.6     2
49.6     2
49.6     1
49.7     1
49.7     1
49.7     1
49.7     1
49.7     2
49.8     2
49.8     3
49.8     3
49.8     3
49.8     2
49.9     2
49.9     2
49.9     2
49.9     2
49.9     2
50.0     2
50.0     1
50.0     1
50.0     1
50.0     1
50.1     1
50.1     2
50.1     2
50.1     2
50.1     1
50.2     1
50.2     0
50.2     0
50.2     0
50.2     0
50.3     0
50.3     0
50.3     1
50.3     1
50.3     1
50.4     2
50.4     2
50.4     2
50.4     2
50.4     2
50.5     3
50.5     3
50.5     4
50.5     4
50.5     3
50.6     2
50.6     2
50.6     1
50.6     1
50.6     1
50.7     1
50.7     1
50.7     1
50.7     1
50.7     2
50.8     2
50.8     2
50.8     1
50.8     1
50.8     1
50.9     1
50.9     1
50.9     1
50.9     1
50.9     1
51.0     2
51.0     2
51.0     2
51.0     2
51.0     1
51.1     1
51.1     1
51.1     1
51.1     1
51.1     1
51.2     1
51.2     1
51.2     1
51.2     0
51.2     0
51.3     0
51.3     0
51.3     1
51.3     1
51.3     1
51.4     2
51.4     2
51.4     3
51.4     3
51.4     3
51.5     3
51.5     2
51.5     2
51.5     1
51.5     1
51.6     1
51.6     1
51.6     1
51.6     1
51.6     1
51.7     1
51.7     1
51.7     0
51.7     0
51.7     0
51.8     0
51.8     1
51.8     1
51.8     2
51.8     2
51.9     3
51.9     3
51.9     3
51.9     2
51.9     2
52.0     2
52.0     2
52.0     2
52.0     1
52.0     1
52.1     1
52.1     1
52.1     0
52.1     0
52.1     1
52.2     1
52.2     2
52.2     2
52.2     2
52.2     2
52.3     1
52.3     1
52.3     0
52.3     0
52.3     0
52.4     0
52.4     1
52.4     1
52.4     1
52.4     1
52.5     1
52.5     1
52.5     1
52.5     1
52.5     1
52.6     1
52.6     1
52.6     2
52.6     2
52.6     3
52.7     3
52.7     3
52.7     3
52.7     2
52.7     2
52.8     1
52.8     1
52.8     1
52.8     0
52.8     0
52.9     0
52.9     0
52.9     0
52.9     0
52.9     0
53.0     1
53.0     1
53.0     1
53.0     2
53.0     2
53.1     2
53.1     1
53.1     1
53.1     0
53.1     0
53.2     1
53.2     1
53.2     2
53.2     2
53.2     2
53.3     2
53.3     2
53.3     2
53.3     2
53.3     3
53.4     3
53.4     3
53.4     3
53.4     2
53.4     2
53.5     1
53.5     0
53.5     0
53.5     0
53.5     0
53.6     1
53.6     2
53.6     3
53.6     4
53.6     5
53.7     6
53.7     6
53.7     6
53.7     5
53.7     4
53.8     4
53.8     3
53.8     3
53.8     3
53.8     3
53.9     3
53.9     3
53.9     2
53.9     2
53.9     2
54.0     2
54.0     2
54.0     2
54.0     3
54.0     3
54.1     3
54.1     3
54.1     2
54.1     2
54.1     1
54.2     1
54.2     1
54.2     1
54.2     1
54.2     1
54.3     1
54.3     1
54.3     1
54.3     1
54.3     2
54.4     2
54.4     2
54.4     2
54.4     2
54.4     1
54.5     1
54.5     1
54.5     1
54.5     1
54.5     1
54.6     2
54.6     2
54.6     2
54.6     2
54.6     3
54.7     3
54.7     3
54.7     3
54.7     3
54.7     4
54.8     4
54.8     4
54.8     3
54.8     2
54.8     2
54.9     1
54.9     1
54.9     1
54.9     1
54.9     2
55.0     2
55.0     3
55.0     3
55.0     3
55.0     3
55.1     3
55.1     2
55.1     1
55.1     1
55.1     0
55.2     0
55.2     1
55.2     1
55.2     1
55.2     2
55.3     2
55.3     3
55.3     4
55.3     4
55.3     3
55.4     3
55.4     2
55.4     1
55.4     1
55.4     1
55.5     1
55.5     1
55.5     2
55.5     2
55.5     2
55.6     1
55.6     1
55.6     0
55.6     0
55.6     1
55.7     1
55.7     1
55.7     1
55.7     1
55.7     1
55.8     1
55.8     1
55.8     2
55.8     2
55.8     2
55.9     1
55.9     1
55.9     1
55.9     1
55.9     1
56.0     1
56.0     1
56.0     1
56.0     1
56.0     2
56.1     2
56.1     2
56.1     2
56.1     1
56.1     1
56.2     0
56.2     0
56.2     0
56.2     1
56.2     1
56.3     2
56.3     2
56.3     2
56.3     2
56.3     2
56.4     2
56.4     2
56.4     2
56.4     1
56.4     1
56.5     0
56.5     0
56.5     0
56.5     1
56.5     1
56.6     1
56.6     1
56.6     1
56.6     1
56.6     1
56.7     2
56.7     3
56.7     3
56.7     4
56.7     4
56.8     4
56.8     3
56.8     3
56.8     2
56.8     1
56.9     1
56.9     1
56.9     1
56.9     1
56.9     2
57.0     2
57.0     2
57.0     2
57.0     3
57.0     4
57.1     5
57.1     7
57.1     8
57.1     8
57.1     8
57.2     8
57.2     7
57.2     7
57.2     6
57.2     5
57.3     5
57.3     4
57.3     3
57.3     3
57.3     3
57.4     3
57.4     4
57.4     4
57.4     5
57.4     5
57.5     5
57.5     4
57.5     3
57.5     2
57.5     2
57.6     1
57.6     1
57.6     1
57.6     1
57.6     1
57.7     1
57.7     1
57.7     1
57.7     1
57.7     0
57.8     0
57.8     0
57.8     0
57.8     0
57.8     1
57.9     1
57.9     1
57.9     1
57.9     1
57.9     1
58.0     1
58.0     1
58.0     1
58.0     0
58.0     0
58.1     0
58.1     0
58.1     1
58.1     1
58.1     2
58.2     3
58.2     3
58.2     3
58.2     2
58.2     2
58.3     2
58.3     2
58.3     2
58.3     2
58.3     2
58.4     2
58.4     2
58.4     2
58.4     2
58.4     2
58.5     2
58.5     2
58.5     2
58.5     2
58.5     2
58.6     2
58.6     2
58.6     2
58.6     1
58.6     1
58.7     1
58.7     1
58.7     1
58.7     1
58.7     1
58.8     1
58.8     1
58.8     1
58.8     1
58.8     1
58.9     2
58.9     2
58.9     3
58.9     3
58.9     3
59.0     3
59.0     3
59.0     3
59.0     3
59.0     3
59.1     2
59.1     2
59.1     1
59.1     1
59.1     1
59.2     1
59.2     2
59.2     2
59.2     3
59.2     3
59.3     4
59.3     4
59.3     4
59.3     5
59.3     5
59.4     5
59.4     4
59.4     3
59.4     2
59.4     1
59.5     1
59.5     1
59.5     1
59.5     1
59.5     2
59.6     2
59.6     2
59.6     2
59.6     2
59.6     1
59.7     1
59.7     1
59.7     1
59.7     1
59.7     1
59.8     1
59.8     1
59.8     1
59.8     1
59.8     2
59.9     2
59.9     3
59.9     3
59.9     3
59.9     2
60.0     2
60.0     1
60.0     1
60.0     1
60.0     1
60.1     2
60.1     3
60.1     3
60.1     4
60.1     4
60.2     3
60.2     3
60.2     2
60.2     1
60.2     0
60.3     0
60.3     0
60.3     0
60.3     1
60.3     1
60.4     1
60.4     2
60.4     2
60.4     2
60.4     2
60.5     2
60.5     2
60.5     2
60.5     2
60.5     2
60.6     2
60.6     2
60.6     2
60.6     2
60.6     2
60.7     2
60.7     2
60.7     2
60.7     2
60.7     2
60.8     2
60.8     2
60.8     1
60.8     1
60.8     1
60.9     1
60.9     1
60.9     1
60.9     1
60.9     1
61.0     1
61.0     1
61.0     1
61.0     1
61.0     1
61.1     1
61.1     1
61.1     1
61.1     1
61.1     1
61.2     1
61.2     1
61.2     1
61.2     1
61.2     1
61.3     1
61.3     1
61.3     2
61.3     2
61.3     3
61.4     3
61.4     3
61.4     4
61.4     4
61.4     4
61.5     3
61.5     2
61.5     1
61.5     1
61.5     1
61.6     1
61.6     2
61.6     2
61.6     2
61.6     2
61.7     2
61.7     3
61.7     3
61.7     2
61.7     2
61.8     1
61.8     1
61.8     1
61.8     1
61.8     2
61.9     3
61.9     3
61.9     4
61.9     4
61.9     4
62.0     4
62.0     4
62.0     3
62.0     2
62.0     2
62.1     1
62.1     1
62.1     1
62.1     1
62.1     1
62.2     1
62.2     1
62.2     1
62.2     1
62.2     2
62.3     3
62.3     4
62.3     4
62.3     4
62.3     4
62.4     3
62.4     3
62.4     2
62.4     2
62.4     2
62.5     2
62.5     3
62.5     3
62.5     3
62.5     2
62.6     2
62.6     3
62.6     4
62.6     6
62.6     7
62.7     8
62.7     9
62.7     9
62.7     9
62.7     9
62.8     8
62.8     8
62.8     7
62.8     7
62.8     7
62.9     8
62.9     9
62.9     10
62.9     11
62.9     12
63.0     12
63.0     11
63.0     10
63.0     8
63.0     7
63.1     5
63.1     4
63.1     3
63.1     3
63.1     2
63.2     2
63.2     2
63.2     1
63.2     1
63.2     1
63.3     1
63.3     2
63.3     2
63.3     3
63.3     4
63.4     4
63.4     4
63.4     3
63.4     3
63.4     3
63.5     2
63.5     2
63.5     2
63.5     2
63.5     2
63.6     1
63.6     1
63.6     1
63.6     1
63.6     2
63.7     3
63.7     4
63.7     4
63.7     4
63.7     3
63.8     3
63.8     2
63.8     1
63.8     1
63.8     1
63.9     2
63.9     3
63.9     4
63.9     5
63.9     5
64.0     4
64.0     3
64.0     2
64.0     2
64.0     1
64.1     1
64.1     1
64.1     1
64.1     1
64.1     1
64.2     1
64.2     2
64.2     2
64.2     2
64.2     3
64.3     3
64.3     3
64.3     3
64.3     4
64.3     4
64.4     4
64.4     4
64.4     3
64.4     3
64.4     2
64.5     2
64.5     2
64.5     2
64.5     1
64.5     1
64.6     1
64.6     0
64.6     0
64.6     1
64.6     1
64.7     2
64.7     2
64.7     2
64.7     2
64.7     2
64.8     2
64.8     2
64.8     3
64.8     3
64.8     4
64.9     4
64.9     3
64.9     3
64.9     2
64.9     1
65.0     0
65.0     0
65.0     0
65.0     0
65.0     0
65.1     1
65.1     2
65.1     2
65.1     3
65.1     3
65.2     3
65.2     4
65.2     4
65.2     4
65.2     4
65.3     3
65.3     3
65.3     2
65.3     2
65.3     1
65.4     1
65.4     1
65.4     1
65.4     1
65.4     2
65.5     2
65.5     2
65.5     3
65.5     3
65.5     3
65.6     3
65.6     2
65.6     2
65.6     2
65.6     2
65.7     2
65.7     1
65.7     1
65.7     0
65.7     0
65.8     0
65.8     0
65.8     0
65.8     0
65.8     1
65.9     2
65.9     3
65.9     4
65.9     5
65.9     5
66.0     5
66.0     4
66.0     4
66.0     4
66.0     3
66.1     3
66.1     3
66.1     2
66.1     2
66.1     2
66.2     2
66.2     2
66.2     2
66.2     2
66.2     2
66.3     2
66.3     1
66.3     1
66.3     1
66.3     1
66.4     1
66.4     1
66.4     1
66.4     1
66.4     1
66.5     0
66.5     0
66.5     0
66.5     0
66.5     0
66.6     1
66.6     1
66.6     2
66.6     2
66.6     3
66.7     4
66.7     4
66.7     5
66.7     5
66.7     4
66.8     3
66.8     2
66.8     1
66.8     0
66.8     0
66.9     0
66.9     0
66.9     0
66.9     1
66.9     1
67.0     2
67.0     2
67.0     2
67.0     1
67.0     1
67.1     0
67.1     0
67.1     0
67.1     0
67.1     1
67.2     1
67.2     2
67.2     2
67.2     3
67.2     3
67.3     3
67.3     3
67.3     2
67.3     2
67.3     2
67.4     2
67.4     2
67.4     1
67.4     1
67.4     1
67.5     2
67.5     2
67.5     2
67.5     1
67.5     1
67.6     1
67.6     1
67.6     1
67.6     1
67.6     1
67.7     1
67.7     1
67.7     1
67.7     1
67.7     2
67.8     2
67.8     2
67.8     2
67.8     2
67.8     2
67.9     2
67.9     2
67.9     2
67.9     2
67.9     2
68.0     2
68.0     2
68.0     1
68.0     1
68.0     1
68.1     1
68.1     1
68.1     1
68.1     1
68.1     1
68.2     1
68.2     1
68.2     1
68.2     1
68.2     1
68.3     1
68.3     1
68.3     1
68.3     2
68.3     2
68.4     2
68.4     1
68.4     1
68.4     0
68.4     0
68.5     0
68.5     0
68.5     0
68.5     0
68.5     1
68.6     1
68.6     1
68.6     1
68.6     1
68.6     2
68.7     2
68.7     2
68.7     3
68.7     3
68.7     3
68.8     2
68.8     2
68.8     1
68.8     1
68.8     1
68.9     1
68.9     1
68.9     1
68.9     1
68.9     1
69.0     1
69.0     1
69.0     1
69.0     1
69.0     1
69.1     1
69.1     1
69.1     1
69.1     2
69.1     2
69.2     2
69.2     2
69.2     3
69.2     3
69.2     3
69.3     3
69.3     2
69.3     2
69.3     1
69.3     1
69.4     1
69.4     1
69.4     1
69.4     1
69.4     0
69.5     0
69.5     0
69.5     1
69.5     1
69.5     1
69.6     1
69.6     1
69.6     1
69.6     0
69.6     0
69.7     0
69.7     0
69.7     1
69.7     2
69.7     3
69.8     3
69.8     3
69.8     3
69.8     3
69.8     3
69.9     3
69.9     3
69.9     3
69.9     2
69.9     2
70.0     1
70.0     1
70.0     1
70.0     1
70.0     1
70.1     2
70.1     2
70.1     3
70.1     3
70.1     3
70.2     3
70.2     2
70.2     2
70.2     1
70.2     1
70.3     1
70.3     1
70.3     1
70.3     1
70.3     0
70.4     0
70.4     0
70.4     1
70.4     1
70.4     1
70.5     1
70.5     1
70.5     1
70.5     1
70.5     1
70.6     1
70.6     1
70.6     1
70.6     1
70.6     1
70.7     2
70.7     2
70.7     2
70.7     3
70.7     3
70.8     3
70.8     3
70.8     2
70.8     2
70.8     2
70.9     2
70.9     2
70.9     2
70.9     2
70.9     1
71.0     1
71.0     1
71.0     1
71.0     1
71.0     2
71.1     2
71.1     3
71.1     3
71.1     3
71.1     2
71.2     1
71.2     0
71.2     0
71.2     0
71.2     0
71.3     1
71.3     1
71.3     2
71.3     2
71.3     2
71.4     1
71.4     1
71.4     1
71.4     1
71.4     2
71.5     2
71.5     2
71.5     2
71.5     2
71.5     2
71.6     2
71.6     3
71.6     3
71.6     2
71.6     2
71.7     1
71.7     1
71.7     1
71.7     1
71.7     1
71.8     1
71.8     1
71.8     1
71.8     1
71.8     1
71.9     1
71.9     2
71.9     2
71.9     2
71.9     2
72.0     2
72.0     2
72.0     2
72.0     1
72.0     1
72.1     1
72.1     1
72.1     1
72.1     1
72.1     1
72.2     1
72.2     2
72.2     2
72.2     2
72.2     2
72.3     3
72.3     3
72.3     3
72.3     3
72.3     2
72.4     2
72.4     2
72.4     2
72.4     2
72.4     1
72.5     1
72.5     1
72.5     1
72.5     1
72.5     0
72.6     0
72.6     0
72.6     0
72.6     1
72.6     1
72.7     1
72.7     1
72.7     1
72.7     1
72.7     1
72.8     1
72.8     2
72.8     2
72.8     2
72.8     2
72.9     1
72.9     1
72.9     1
72.9     1
72.9     1
73.0     1
73.0     1
73.0     1
73.0     1
73.0     1
73.1     1
73.1     1
73.1     1
73.1     1
73.1     1
73.2     1
73.2     1
73.2     0
73.2     0
73.2     0
73.3     0
73.3     1
73.3     1
73.3     1
73.3     1
73.4     2
73.4     2
73.4     2
73.4     2
73.4     1
73.5     1
73.5     1
73.5     0
73.5     0
73.5     0
73.6     0
73.6     1
73.6     1
73.6     1
73.6     1
73.7     2
73.7     2
73.7     3
73.7     3
73.7     3
73.8     2
73.8     2
73.8     1
73.8     1
73.8     1
73.9     0
73.9     0
73.9     0
73.9     0
73.9     1
74.0     1
74.0     1
74.0     1
74.0     1
74.0     1
74.1     2
74.1     2
74.1     2
74.1     2
74.1     2
74.2     2
74.2     1
74.2     1
74.2     2
74.2     2
74.3     3
74.3     3
74.3     2
74.3     2
74.3     2
74.4     1
74.4     1
74.4     2
74.4     2
74.4     3
74.5     3
74.5     4
74.5     4
74.5     3
74.5     3
74.6     2
74.6     2
74.6     2
74.6     2
74.6     2
74.7     2
74.7     2
74.7     2
74.7     1
74.7     1
74.8     1
74.8     1
74.8     2
74.8     2
74.8     3
74.9     3
74.9     2
74.9     2
74.9     1
74.9     0
75.0     0
75.0     0
75.0     1
75.0     2
75.0     2
75.1     2
75.1     2
75.1     1
75.1     1
75.1     1
75.2     1
75.2     1
75.2     1
75.2     2
75.2     2
75.3     2
75.3     2
75.3     2
75.3     1
75.3     1
75.4     1
75.4     1
75.4     1
75.4     2
75.4     2
75.5     2
75.5     1
75.5     0
75.5     0
75.5     0
75.6     1
75.6     1
75.6     1
75.6     1
75.6     1
75.7     0
75.7     0
75.7     0
75.7     0
75.7     1
75.8     2
75.8     2
75.8     3
75.8     3
75.8     3
75.9     3
75.9     2
75.9     2
75.9     1
75.9     1
76.0     0
76.0     0
76.0     0
76.0     0
76.0     0
76.1     0
76.1     0
76.1     0
76.1     1
76.1     1
76.2     1
76.2     1
76.2     1
76.2     1
76.2     1
76.3     1
76.3     2
76.3     2
76.3     2
76.3     2
76.4     2
76.4     1
76.4     1
76.4     1
76.4     1
76.5     1
76.5     1
76.5     1
76.5     1
76.5     1
76.6     1
76.6     1
76.6     1
76.6     1
76.6     1
76.7     1
76.7     1
76.7     1
76.7     1
76.7     1
76.8     1
76.8     1
76.8     1
76.8     1
76.8     1
76.9     1
76.9     1
76.9     1
76.9     0
76.9     0
77.0     0
77.0     0
77.0     0
77.0     0
77.0     0
77.1     1
77.1     1
77.1     1
77.1     1
77.1     1
77.2     1
77.2     1
77.2     1
77.2     1
77.2     2
77.3     2
77.3     1
77.3     1
77.3     0
77.3     0
77.4     0
77.4     0
77.4     0
77.4     0
77.4     0
77.5     0
77.5     1
77.5     2
77.5     2
77.5     3
77.6     3
77.6     3
77.6     2
77.6     2
77.6     1
77.7     1
77.7     1
77.7     1
77.7     2
77.7     2
77.8     2
77.8     1
77.8     1
77.8     1
77.8     1
77.9     1
77.9     1
77.9     1
77.9     1
77.9     1
78.0     1
78.0     1
78.0     1
78.0     1
78.0     1
78.1     1
78.1     0
78.1     0
78.1     0
78.1     1
78.2     2
78.2     2
78.2     2
78.2     1
78.2     1
78.3     1
78.3     1
78.3     1
78.3     1
78.3     1
78.4     1
78.4     1
78.4     1
78.4     0
78.4     0
78.5     0
78.5     0
78.5     0
78.5     0
78.5     1
78.6     1
78.6     1
78.6     2
78.6     2
78.6     2
78.7     2
78.7     1
78.7     1
78.7     1
78.7     1
78.8     1
78.8     0
78.8     0
78.8     0
78.8     0
78.9     1
78.9     1
78.9     1
78.9     1
78.9     1
79.0     1
79.0     1
79.0     1
79.0     1
79.0     0
79.1     0
79.1     0
79.1     0
79.1     1
79.1     1
79.2     1
79.2     1
79.2     1
79.2     1
79.2     1
79.3     1
79.3     1
79.3     2
79.3     2
79.3     2
79.4     2
79.4     1
79.4     1
79.4     1
79.4     1
79.5     1
79.5     2
79.5     2
79.5     2
79.5     2
79.6     2
79.6     3
79.6     3
79.6     4
79.6     4
79.7     4
79.7     4
79.7     3
79.7     2
79.7     1
79.8     1
79.8     1
79.8     1
79.8     1
79.8     2
79.9     2
79.9     2
79.9     2
79.9     1
79.9     1
80.0     1
80.0     1
80.0     1
80.0     2
80.0     2
80.1     2
80.1     2
80.1     2
80.1     2
80.1     2
80.2     2
80.2     2
80.2     2
80.2     2
80.2     1
80.3     1
80.3     1
80.3     1
80.3     1
80.3     1
80.4     1
80.4     1
80.4     1
80.4     1
80.4     1
80.5     1
80.5     1
80.5     1
80.5     1
80.5     2
80.6     2
80.6     3
80.6     3
80.6     3
80.6     2
80.7     2
80.7     1
80.7     1
80.7     1
80.7     1
80.8     1
80.8     1
80.8     1
80.8     1
80.8     1
80.9     1
80.9     1
80.9     1
80.9     1
80.9     1
81.0     1
81.0     1
81.0     1
81.0     1
81.0     1
81.1     1
81.1     2
81.1     2
81.1     2
81.1     2
81.2     2
81.2     2
81.2     2
81.2     2
81.2     1
81.3     1
81.3     1
81.3     1
81.3     1
81.3     1
81.4     1
81.4     1
81.4     1
81.4     1
81.4     1
81.5     1
81.5     1
81.5     1
81.5     1
81.5     1
81.6     1
81.6     2
81.6     2
81.6     2
81.6     2
81.7     2
81.7     2
81.7     2
81.7     2
81.7     2
81.8     1
81.8     1
81.8     1
81.8     1
81.8     1
81.9     1
81.9     1
81.9     1
81.9     1
81.9     1
82.0     1
82.0     1
82.0     1
82.0     1
82.0     1
82.1     1
82.1     1
82.1     1
82.1     1
82.1     2
82.2     2
82.2     2
82.2     3
82.2     3
82.2     3
82.3     3
82.3     3
82.3     3
82.3     2
82.3     1
82.4     1
82.4     0
82.4     0
82.4     0
82.4     0
82.5     0
82.5     0
82.5     0
82.5     0
82.5     1
82.6     1
82.6     2
82.6     2
82.6     2
82.6     2
82.7     1
82.7     1
82.7     1
82.7     1
82.7     2
82.8     3
82.8     4
82.8     4
82.8     4
82.8     3
82.9     3
82.9     2
82.9     2
82.9     2
82.9     2
83.0     2
83.0     2
83.0     2
83.0     1
83.0     1
83.1     1
83.1     2
83.1     3
83.1     3
83.1     3
83.2     2
83.2     2
83.2     1
83.2     1
83.2     1
83.3     2
83.3     2
83.3     2
83.3     2
83.3     2
83.4     2
83.4     2
83.4     2
83.4     2
83.4     2
83.5     2
83.5     2
83.5     2
83.5     2
83.5     2
83.6     2
83.6     3
83.6     3
83.6     4
83.6     4
83.7     3
83.7     3
83.7     3
83.7     3
83.7     2
83.8     2
83.8     1
83.8     1
83.8     1
83.8     1
83.9     1
83.9     1
83.9     1
83.9     1
83.9     2
84.0     3
84.0     3
84.0     4
84.0     4
84.0     3
84.1     3
84.1     2
84.1     1
84.1     1
84.1     1
84.2     1
84.2     1
84.2     1
84.2     2
84.2     2
84.3     3
84.3     3
84.3     3
84.3     3
84.3     2
84.4     2
84.4     1
84.4     1
84.4     1
84.4     2
84.5     2
84.5     2
84.5     1
84.5     1
84.5     1
84.6     1
84.6     1
84.6     1
84.6     2
84.6     2
84.7     2
84.7     2
84.7     2
84.7     2
84.7     2
84.8     2
84.8     2
84.8     2
84.8     2
84.8     2
84.9     2
84.9     2
84.9     2
84.9     2
84.9     3
85.0     3
85.0     3
85.0     2
85.0     2
85.0     1
85.1     1
85.1     1
85.1     2
85.1     2
85.1     2
85.2     2
85.2     2
85.2     1
85.2     1
85.2     1
85.3     1
85.3     2
85.3     2
85.3     3
85.3     3
85.4     2
85.4     2
85.4     2
85.4     1
85.4     1
85.5     1
85.5     1
85.5     1
85.5     1
85.5     1
85.6     1
85.6     1
85.6     1
85.6     1
85.6     2
85.7     2
85.7     3
85.7     3
85.7     3
85.7     2
85.8     2
85.8     1
85.8     1
85.8     1
85.8     1
85.9     2
85.9     2
85.9     2
85.9     1
85.9     1
86.0     1
86.0     1
86.0     1
86.0     1
86.0     1
86.1     1
86.1     1
86.1     1
86.1     1
86.1     1
86.2     1
86.2     2
86.2     2
86.2     2
86.2     1
86.3     1
86.3     0
86.3     0
86.3     1
86.3     2
86.4     2
86.4     3
86.4     3
86.4     3
86.4     2
86.5     2
86.5     2
86.5     2
86.5     2
86.5     2
86.6     2
86.6     2
86.6     2
86.6     1
86.6     1
86.7     0
86.7     0
86.7     1
86.7     1
86.7     1
86.8     2
86.8     2
86.8     2
86.8     2
86.8     2
86.9     1
86.9     1
86.9     2
86.9     2
86.9     3
87.0     3
87.0     4
87.0     4
87.0     3
87.0     3
87.1     3
87.1     3
87.1     3
87.1     3
87.1     3
87.2     2
87.2     2
87.2     1
87.2     1
87.2     0
87.3     0
87.3     0
87.3     1
87.3     2
87.3     3
87.4     3
87.4     3
87.4     3
87.4     3
87.4     2
87.5     2
87.5     2
87.5     3
87.5     3
87.5     4
87.6     4
87.6     4
87.6     3
87.6     3
87.6     2
87.7     2
87.7     2
87.7     2
87.7     3
87.7     3
87.8     3
87.8     2
87.8     1
87.8     1
87.8     1
87.9     2
87.9     2
87.9     2
87.9     2
87.9     1
88.0     1
88.0     1
88.0     1
88.0     2
88.0     3
88.1     3
88.1     4
88.1     4
88.1     4
88.1     3
88.2     2
88.2     2
88.2     2
88.2     3
88.2     3
88.3     4
88.3     4
88.3     4
88.3     3
88.3     3
88.4     3
88.4     3
88.4     3
88.4     3
88.4     4
88.5     4
88.5     4
88.5     4
88.5     4
88.5     4
88.6     3
88.6     3
88.6     3
88.6     3
88.6     3
88.7     3
88.7     2
88.7     2
88.7     2
88.7     2
88.8     2
88.8     2
88.8     3
88.8     3
88.8     3
88.9     3
88.9     2
88.9     2
88.9     1
88.9     1
89.0     2
89.0     2
89.0     3
89.0     3
89.0     2
89.1     2
89.1     2
89.1     2
89.1     2
89.1     2
89.2     3
89.2     3
89.2     3
89.2     3
89.2     3
89.3     3
89.3     3
89.3     4
89.3     4
89.3     4
89.4     4
89.4     3
89.4     3
89.4     3
89.4     3
89.5     3
89.5     3
89.5     3
89.5     3
89.5     3
89.6     3
89.6     3
89.6     3
89.6     3
89.6     2
89.7     2
89.7     2
89.7     2
89.7     2
89.7     3
89.8     3
89.8     3
89.8     2
89.8     2
89.8     2
89.9     2
89.9     2
89.9     2
89.9     2
89.9     2
90.0     2
