XN5
10.0     2
10.0     2
10.0     2
10.0     2
10.0     2
10.1     2
10.1     1
10.1     1
10.1     1
10.1     1
10.2     1
10.2     1
10.2     1
10.2     2
10.2     2
10.3     3
10.3     3
10.3     3
10.3     2
10.3     2
10.4     2
10.4     2
10.4     2
10.4     3
10.4     3
10.5     3
10.5     3
10.5     3
10.5     3
10.5     3
10.6     3
10.6     3
10.6     3
10.6     3
10.6     3
10.7     3
10.7     3
10.7     2
10.7     2
10.7     2
10.8     2
10.8     2
10.8     2
10.8     2
10.8     1
10.9     1
10.9     1
10.9     2
10.9     3
10.9     4
11.0     4
11.0     4
11.0     3
11.0     2
11.0     1
11.1     1
11.1     2
11.1     3
11.1     4
11.1     4
11.2     4
11.2     4
11.2     3
11.2     2
11.2     2
11.3     2
11.3     3
11.3     4
11.3     4
11.3     4
11.4     4
11.4     3
11.4     3
11.4     3
11.4     3
11.5     3
11.5     3
11.5     3
11.5     3
11.5     2
11.6     2
11.6     2
11.6     3
11.6     3
11.6     3
11.7     3
11.7     2
11.7     2
11.7     1
11.7     1
11.8     1
11.8     2
11.8     3
11.8     4
11.8     4
11.9     4
11.9     4
11.9     3
11.9     2
11.9     2
12.0     2
12.0     2
12.0     3
12.0     3
12.0     3
12.1     4
12.1     4
12.1     4
12.1     4
12.1     3
12.2     3
12.2     2
12.2     2
12.2     2
12.2     2
12.3     3
12.3     4
12.3     4
12.3     4
12.3     3
12.4     3
12.4     3
12.4     4
12.4     4
12.4     4
12.5     4
12.5     4
12.5     3
12.5     2
12.5     2
12.6     1
12.6     1
12.6     1
12.6     1
12.6     2
12.7     2
12.7     2
12.7     3
12.7     3
12.7     3
12.8     3
12.8     2
12.8     2
12.8     2
12.8     2
12.9     2
12.9     2
12.9     2
12.9     2
12.9     3
13.0     3
13.0     3
13.0     3
13.0     3
13.0     3
13.1     3
13.1     3
13.1     3
13.1     3
13.1     3
13.2     3
13.2     3
13.2     3
13.2     4
13.2     4
13.3     4
13.3     5
13.3     5
13.3     4
13.3     4
13.4     3
13.4     2
13.4     1
13.4     1
13.4     2
13.5     3
13.5     4
13.5     4
13.5     4
13.5     4
13.6     4
13.6     3
13.6     3
13.6     3
13.6     4
13.7     4
13.7     4
13.7     3
13.7     3
13.7     2
13.8     2
13.8     2
13.8     3
13.8     3
13.8     3
13.9     3
13.9     3
13.9     2
13.9     2
13.9     2
14.0     2
14.0     2
14.0     2
14.0     2
14.0     3
14.1     3
14.1     3
14.1     4
14.1     4
14.1     5
14.2     5
14.2     4
14.2     4
14.2     4
14.2     4
14.3     4
14.3     4
14.3     4
14.3     4
14.3     4
14.4     3
14.4     3
14.4     2
14.4     2
14.4     2
14.5     1
14.5     1
14.5     2
14.5     2
14.5     3
14.6     3
14.6     4
14.6     4
14.6     5
14.6     5
14.7     5
14.7     5
14.7     4
14.7     4
14.7     3
14.8     2
14.8     1
14.8     1
14.8     1
14.8     2
14.9     2
14.9     3
14.9     4
14.9     5
14.9     5
15.0     5
15.0     5
15.0     5
15.0     6
15.0     7
15.1     8
15.1     8
15.1     7
15.1     6
15.1     5
15.2     3
15.2     2
15.2     2
15.2     2
15.2     2
15.3     3
15.3     4
15.3     5
15.3     6
15.3     7
15.4     7
15.4     6
15.4     5
15.4     4
15.4     4
15.5     4
15.5     4
15.5     4
15.5     5
15.5     5
15.6     5
15.6     5
15.6     5
15.6     4
15.6     3
15.7     3
15.7     2
15.7     2
15.7     2
15.7     2
15.8     3
15.8     4
15.8     4
15.8     4
15.8     4
15.9     3
15.9     3
15.9     4
15.9     4
15.9     5
16.0     5
16.0     5
16.0     5
16.0     5
16.0     4
16.1     4
16.1     3
16.1     3
16.1     3
16.1     2
16.2     2
16.2     2
16.2     2
16.2     3
16.2     4
16.3     4
16.3     4
16.3     3
16.3     3
16.3     2
16.4     2
16.4     2
16.4     2
16.4     3
16.4     3
16.5     3
16.5     2
16.5     2
16.5     2
16.5     2
16.6     2
16.6     2
16.6     2
16.6     3
16.6     4
16.7     4
16.7     5
16.7     5
16.7     5
16.7     5
16.8     4
16.8     4
16.8     4
16.8     4
16.8     4
16.9     4
16.9     3
16.9     2
16.9     1
16.9     1
17.0     0
17.0     0
17.0     1
17.0     2
17.0     3
17.1     4
17.1     4
17.1     4
17.1     4
17.1     3
17.2     3
17.2     3
17.2     2
17.2     2
17.2     2
17.3     1
17.3     1
17.3     1
17.3     1
17.3     1
17.4     2
17.4     2
17.4     3
17.4     3
17.4     4
17.5     4
17.5     3
17.5     3
17.5     2
17.5     2
17.6     1
17.6     1
17.6     1
17.6     1
17.6     2
17.7     2
17.7     3
17.7     3
17.7     3
17.7     3
17.8     2
17.8     1
17.8     0
17.8     0
17.8     1
17.9     2
17.9     4
17.9     5
17.9     6
17.9     6
18.0     5
18.0     3
18.0     2
18.0     1
18.0     1
18.1     1
18.1     1
18.1     1
18.1     1
18.1     1
18.2     2
18.2     3
18.2     5
18.2     6
18.2     7
18.3     7
18.3     7
18.3     6
18.3     5
18.3     3
18.4     2
18.4     1
18.4     1
18.4     1
18.4     2
18.5     2
18.5     3
18.5     3
18.5     3
18.5     3
18.6     3
18.6     3
18.6     2
18.6     2
18.6     2
18.7     2
18.7     2
18.7     2
18.7     2
18.7     2
18.8     2
18.8     3
18.8     4
18.8     5
18.8     5
18.9     5
18.9     4
18.9     3
18.9     2
18.9     1
19.0     1
19.0     2
19.0     2
19.0     3
19.0     3
19.1     3
19.1     3
19.1     3
19.1     3
19.1     3
19.2     3
19.2     3
19.2     3
19.2     2
19.2     2
19.3     1
19.3     1
19.3     1
19.3     1
19.3     2
19.4     3
19.4     4
19.4     5
19.4     5
19.4     4
19.5     3
19.5     2
19.5     1
19.5     1
19.5     2
19.6     3
19.6     4
19.6     5
19.6     5
19.6     5
19.7     5
19.7     4
19.7     4
19.7     4
19.7     4
19.8     4
19.8     3
19.8     3
19.8     2
19.8     2
19.9     3
19.9     4
19.9     4
19.9     5
19.9     5
20.0     5
20.0     4
20.0     4
20.0     4
20.0     3
20.1     3
20.1     3
20.1     3
20.1     3
20.1     3
20.2     3
20.2     3
20.2     4
20.2     5
20.2     6
20.3     7
20.3     8
20.3     8
20.3     7
20.3     6
20.4     5
20.4     4
20.4     3
20.4     3
20.4     4
20.5     5
20.5     6
20.5     6
20.5     6
20.5     6
20.6     6
20.6     7
20.6     7
20.6     7
20.6     7
20.7     6
20.7     6
20.7     5
20.7     5
20.7     5
20.8     5
20.8     6
20.8     6
20.8     7
20.8     8
20.9     8
20.9     8
20.9     8
20.9     7
20.9     6
21.0     4
21.0     3
21.0     3
21.0     4
21.0     5
21.1     7
21.1     8
21.1     9
21.1     10
21.1     10
21.2     10
21.2     9
21.2     7
21.2     6
21.2     5
21.3     5
21.3     5
21.3     6
21.3     7
21.3     8
21.4     8
21.4     8
21.4     8
21.4     7
21.4     7
21.5     7
21.5     7
21.5     7
21.5     6
21.5     5
21.6     4
21.6     2
21.6     1
21.6     1
21.6     1
21.7     1
21.7     2
21.7     2
21.7     3
21.7     4
21.8     5
21.8     5
21.8     5
21.8     5
21.8     5
21.9     6
21.9     6
21.9     6
21.9     6
21.9     5
22.0     4
22.0     3
22.0     3
22.0     3
22.0     4
22.1     4
22.1     5
22.1     5
22.1     5
22.1     6
22.2     6
22.2     6
22.2     7
22.2     7
22.2     8
22.3     8
22.3     9
22.3     9
22.3     9
22.3     8
22.4     7
22.4     6
22.4     5
22.4     5
22.4     5
22.5     5
22.5     5
22.5     5
22.5     5
22.5     6
22.6     6
22.6     6
22.6     7
22.6     7
22.6     7
22.7     6
22.7     6
22.7     6
22.7     5
22.7     5
22.8     5
22.8     5
22.8     6
22.8     7
22.8     8
22.9     8
22.9     8
22.9     8
22.9     7
22.9     6
23.0     5
23.0     4
23.0     4
23.0     4
23.0     3
23.1     3
23.1     2
23.1     1
23.1     1
23.1     1
23.2     2
23.2     2
23.2     2
23.2     2
23.2     2
23.3     1
23.3     1
23.3     1
23.3     2
23.3     4
23.4     5
23.4     6
23.4     7
23.4     7
23.4     7
23.5     7
23.5     7
23.5     7
23.5     7
23.5     7
23.6     7
23.6     6
23.6     5
23.6     4
23.6     3
23.7     2
23.7     1
23.7     1
23.7     1
23.7     2
23.8     2
23.8     2
23.8     3
23.8     3
23.8     3
23.9     3
23.9     2
23.9     2
23.9     2
23.9     2
24.0     2
24.0     3
24.0     4
24.0     5
24.0     5
24.1     5
24.1     5
24.1     5
24.1     5
24.1     5
24.2     5
24.2     4
24.2     3
24.2     2
24.2     1
24.3     0
24.3     0
24.3     0
24.3     1
24.3     2
24.4     3
24.4     4
24.4     4
24.4     4
24.4     3
24.5     3
24.5     3
24.5     3
24.5     3
24.5     4
24.6     5
24.6     6
24.6     7
24.6     7
24.6     6
24.7     5
24.7     4
24.7     3
24.7     3
24.7     3
24.8     4
24.8     4
24.8     4
24.8     4
24.8     3
24.9     3
24.9     3
24.9     2
24.9     2
24.9     2
25.0     2
25.0     2
25.0     2
25.0     2
25.0     3
25.1     4
25.1     5
25.1     5
25.1     5
25.1     5
25.2     4
25.2     3
25.2     3
25.2     3
25.2     3
25.3     4
25.3     4
25.3     4
25.3     3
25.3     2
25.4     2
25.4     2
25.4     2
25.4     3
25.4     3
25.5     4
25.5     4
25.5     4
25.5     4
25.5     3
25.6     3
25.6     3
25.6     3
25.6     3
25.6     3
25.7     3
25.7     3
25.7     3
25.7     3
25.7     3
25.8     3
25.8     3
25.8     3
25.8     3
25.8     3
25.9     3
25.9     4
25.9     4
25.9     4
25.9     4
26.0     4
26.0     4
26.0     4
26.0     3
26.0     3
26.1     2
26.1     2
26.1     2
26.1     3
26.1     4
26.2     5
26.2     5
26.2     5
26.2     5
26.2     5
26.3     4
26.3     4
26.3     4
26.3     3
26.3     3
26.4     3
26.4     3
26.4     4
26.4     4
26.4     4
26.5     4
26.5     3
26.5     3
26.5     2
26.5     2
26.6     1
26.6     1
26.6     1
26.6     1
26.6     2
26.7     3
26.7     4
26.7     4
26.7     4
26.7     3
26.8     2
26.8     1
26.8     1
26.8     1
26.8     2
26.9     3
26.9     3
26.9     4
26.9     4
26.9     5
27.0     5
27.0     5
27.0     5
27.0     5
27.0     4
27.1     3
27.1     2
27.1     2
27.1     2
27.1     2
27.2     2
27.2     2
27.2     2
27.2     2
27.2     2
27.3     3
27.3     4
27.3     5
27.3     6
27.3     6
27.4     5
27.4     4
27.4     3
27.4     3
27.4     3
27.5     3
27.5     3
27.5     3
27.5     4
27.5     4
27.6     5
27.6     5
27.6     5
27.6     5
27.6     5
27.7     5
27.7     5
27.7     6
27.7     6
27.7     6
27.8     5
27.8     4
27.8     3
27.8     2
27.8     2
27.9     2
27.9     2
27.9     2
27.9     2
27.9     1
28.0     1
28.0     1
28.0     1
28.0     2
28.0     2
28.1     2
28.1     2
28.1     3
28.1     3
28.1     3
28.2     3
28.2     3
28.2     3
28.2     3
28.2     3
28.3     4
28.3     4
28.3     4
28.3     3
28.3     2
28.4     2
28.4     1
28.4     1
28.4     2
28.4     2
28.5     3
28.5     4
28.5     4
28.5     4
28.5     3
28.6     3
28.6     3
28.6     2
28.6     2
28.6     2
28.7     2
28.7     3
28.7     4
28.7     5
28.7     5
28.8     5
28.8     5
28.8     4
28.8     3
28.8     3
28.9     2
28.9     2
28.9     3
28.9     3
28.9     4
29.0     4
29.0     4
29.0     4
29.0     4
29.0     4
29.1     4
29.1     4
29.1     4
29.1     4
29.1     4
29.2     4
29.2     4
29.2     5
29.2     5
29.2     6
29.3     7
29.3     7
29.3     7
29.3     6
29.3     6
29.4     5
29.4     5
29.4     4
29.4     4
29.4     3
29.5     3
29.5     4
29.5     5
29.5     6
29.5     7
29.6     7
29.6     6
29.6     5
29.6     4
29.6     3
29.7     3
29.7     4
29.7     4
29.7     5
29.7     5
29.8     4
29.8     4
29.8     4
29.8     4
29.8     5
29.9     6
29.9     7
29.9     7
29.9     7
29.9     7
30.0     7
30.0     7
30.0     6
30.0     5
30.0     4
30.1     3
30.1     3
30.1     3
30.1     4
30.1     6
30.2     7
30.2     8
30.2     8
30.2     7
30.2     7
30.3     6
30.3     6
30.3     6
30.3     5
30.3     5
30.4     4
30.4     3
30.4     2
30.4     2
30.4     2
30.5     3
30.5     4
30.5     5
30.5     5
30.5     5
30.6     4
30.6     3
30.6     2
30.6     2
30.6     2
30.7     2
30.7     2
30.7     2
30.7     2
30.7     2
30.8     2
30.8     3
30.8     4
30.8     6
30.8     7
30.9     7
30.9     7
30.9     6
30.9     5
30.9     4
31.0     4
31.0     3
31.0     3
31.0     2
31.0     2
31.1     2
31.1     3
31.1     5
31.1     6
31.1     7
31.2     7
31.2     6
31.2     5
31.2     5
31.2     4
31.3     4
31.3     4
31.3     5
31.3     5
31.3     5
31.4     5
31.4     4
31.4     3
31.4     2
31.4     2
31.5     2
31.5     2
31.5     3
31.5     3
31.5     4
31.6     4
31.6     4
31.6     4
31.6     3
31.6     3
31.7     2
31.7     2
31.7     2
31.7     2
31.7     2
31.8     1
31.8     1
31.8     0
31.8     0
31.8     1
31.9     1
31.9     2
31.9     3
31.9     3
31.9     4
32.0     4
32.0     4
32.0     5
32.0     5
32.0     4
32.1     4
32.1     3
32.1     3
32.1     3
32.1     3
32.2     4
32.2     5
32.2     5
32.2     5
32.2     5
32.3     4
32.3     4
32.3     4
32.3     5
32.3     5
32.4     5
32.4     5
32.4     5
32.4     4
32.4     4
32.5     4
32.5     4
32.5     3
32.5     3
32.5     3
32.6     3
32.6     4
32.6     5
32.6     5
32.6     5
32.7     5
32.7     4
32.7     4
32.7     3
32.7     3
32.8     3
32.8     3
32.8     3
32.8     3
32.8     2
32.9     2
32.9     2
32.9     2
32.9     3
32.9     3
33.0     3
33.0     3
33.0     3
33.0     3
33.0     4
33.1     5
33.1     6
33.1     6
33.1     6
33.1     6
33.2     5
33.2     4
33.2     3
33.2     3
33.2     3
33.3     3
33.3     4
33.3     4
33.3     4
33.3     4
33.4     4
33.4     4
33.4     4
33.4     4
33.4     4
33.5     4
33.5     3
33.5     3
33.5     3
33.5     2
33.6     2
33.6     2
33.6     2
33.6     2
33.6     2
33.7     2
33.7     3
33.7     4
33.7     5
33.7     6
33.8     6
33.8     5
33.8     5
33.8     4
33.8     4
33.9     4
33.9     4
33.9     4
33.9     4
33.9     4
34.0     4
34.0     4
34.0     5
34.0     5
34.0     5
34.1     5
34.1     5
34.1     5
34.1     6
34.1     6
34.2     6
34.2     6
34.2     5
34.2     4
34.2     3
34.3     2
34.3     2
34.3     2
34.3     2
34.3     2
34.4     2
34.4     2
34.4     2
34.4     2
34.4     2
34.5     3
34.5     3
34.5     4
34.5     4
34.5     4
34.6     4
34.6     4
34.6     3
34.6     3
34.6     3
34.7     2
34.7     2
34.7     3
34.7     3
34.7     4
34.8     5
34.8     5
34.8     6
34.8     6
34.8     6
34.9     5
34.9     5
34.9     4
34.9     4
34.9     5
35.0     5
35.0     6
35.0     6
35.0     6
35.0     5
35.1     4
35.1     3
35.1     2
35.1     2
35.1     2
35.2     3
35.2     3
35.2     4
35.2     4
35.2     4
35.3     4
35.3     5
35.3     5
35.3     6
35.3     6
35.4     6
35.4     6
35.4     5
35.4     5
35.4     5
35.5     6
35.5     8
35.5     10
35.5     12
35.5     14
35.6     15
35.6     16
35.6     16
35.6     15
35.6     14
35.7     13
35.7     11
35.7     10
35.7     9
35.7     8
35.8     8
35.8     7
35.8     6
35.8     6
35.8     6
35.9     6
35.9     6
35.9     6
35.9     6
35.9     5
36.0     5
36.0     5
36.0     5
36.0     6
36.0     6
36.1     7
36.1     7
36.1     7
36.1     6
36.1     5
36.2     4
36.2     3
36.2     3
36.2     3
36.2     3
36.3     4
36.3     4
36.3     4
36.3     3
36.3     3
36.4     3
36.4     3
36.4     4
36.4     4
36.4     4
36.5     4
36.5     4
36.5     3
36.5     3
36.5     3
36.6     3
36.6     4
36.6     4
36.6     5
36.6     5
36.7     5
36.7     5
36.7     5
36.7     5
36.7     5
36.8     4
36.8     3
36.8     2
36.8     2
36.8     2
36.9     3
36.9     4
36.9     4
36.9     4
36.9     3
37.0     3
37.0     3
37.0     3
37.0     4
37.0     5
37.1     5
37.1     5
37.1     5
37.1     4
37.1     4
37.2     3
37.2     3
37.2     3
37.2     3
37.2     3
37.3     3
37.3     3
37.3     2
37.3     1
37.3     0
37.4     0
37.4     1
37.4     2
37.4     3
37.4     4
37.5     5
37.5     6
37.5     6
37.5     5
37.5     4
37.6     3
37.6     3
37.6     3
37.6     4
37.6     5
37.7     5
37.7     5
37.7     5
37.7     4
37.7     4
37.8     3
37.8     3
37.8     3
37.8     3
37.8     2
37.9     2
37.9     2
37.9     2
37.9     2
37.9     2
38.0     1
38.0     1
38.0     1
38.0     1
38.0     2
38.1     3
38.1     4
38.1     4
38.1     4
38.1     4
38.2     4
38.2     4
38.2     4
38.2     5
38.2     5
38.3     5
38.3     5
38.3     4
38.3     3
38.3     2
38.4     1
38.4     1
38.4     2
38.4     2
38.4     3
38.5     3
38.5     3
38.5     3
38.5     3
38.5     2
38.6     2
38.6     1
38.6     1
38.6     1
38.6     1
38.7     2
38.7     2
38.7     3
38.7     3
38.7     4
38.8     5
38.8     5
38.8     6
38.8     6
38.8     5
38.9     4
38.9     3
38.9     2
38.9     2
38.9     2
39.0     2
39.0     2
39.0     2
39.0     2
39.0     2
39.1     2
39.1     2
39.1     2
39.1     2
39.1     3
39.2     3
39.2     3
39.2     3
39.2     3
39.2     3
39.3     3
39.3     3
39.3     3
39.3     3
39.3     3
39.4     3
39.4     3
39.4     3
39.4     2
39.4     2
39.5     1
39.5     1
39.5     1
39.5     2
39.5     4
39.6     5
39.6     6
39.6     6
39.6     6
39.6     5
39.7     4
39.7     3
39.7     3
39.7     3
39.7     3
39.8     3
39.8     3
39.8     2
39.8     2
39.8     2
39.9     3
39.9     3
39.9     3
39.9     3
39.9     2
40.0     2
40.0     1
40.0     1
40.0     1
40.0     1
40.1     2
40.1     2
40.1     2
40.1     1
40.1     1
40.2     1
40.2     1
40.2     2
40.2     2
40.2     3
40.3     3
40.3     3
40.3     3
40.3     2
40.3     1
40.4     1
40.4     1
40.4     2
40.4     2
40.4     3
40.5     3
40.5     4
40.5     4
40.5     3
40.5     3
40.6     2
40.6     2
40.6     2
40.6     2
40.6     3
40.7     3
40.7     3
40.7     3
40.7     2
40.7     2
40.8     2
40.8     2
40.8     3
40.8     3
40.8     4
40.9     4
40.9     4
40.9     3
40.9     2
40.9     1
41.0     0
41.0     0
41.0     0
41.0     1
41.0     2
41.1     3
41.1     4
41.1     4
41.1     4
41.1     3
41.2     2
41.2     1
41.2     1
41.2     1
41.2     2
41.3     2
41.3     2
41.3     3
41.3     3
41.3     3
41.4     3
41.4     2
41.4     2
41.4     2
41.4     2
41.5     2
41.5     3
41.5     3
41.5     4
41.5     4
41.6     4
41.6     4
41.6     3
41.6     3
41.6     2
41.7     2
41.7     3
41.7     3
41.7     4
41.7     5
41.8     5
41.8     5
41.8     4
41.8     3
41.8     2
41.9     2
41.9     1
41.9     1
41.9     2
41.9     2
42.0     3
42.0     4
42.0     4
42.0     4
42.0     4
42.1     4
42.1     4
42.1     4
42.1     4
42.1     4
42.2     3
42.2     3
42.2     2
42.2     2
42.2     2
42.3     2
42.3     2
42.3     2
42.3     3
42.3     4
42.4     5
42.4     5
42.4     5
42.4     4
42.4     3
42.5     2
42.5     1
42.5     1
42.5     1
42.5     2
42.6     4
42.6     5
42.6     6
42.6     6
42.6     6
42.7     6
42.7     6
42.7     5
42.7     5
42.7     4
42.8     3
42.8     3
42.8     2
42.8     2
42.8     2
42.9     2
42.9     2
42.9     2
42.9     3
42.9     3
43.0     4
43.0     4
43.0     4
43.0     4
43.0     3
43.1     3
43.1     3
43.1     3
43.1     3
43.1     4
43.2     5
43.2     6
43.2     7
43.2     8
43.2     8
43.3     7
43.3     7
43.3     6
43.3     6
43.3     6
43.4     6
43.4     6
43.4     6
43.4     6
43.4     5
43.5     4
43.5     3
43.5     2
43.5     2
43.5     2
43.6     2
43.6     3
43.6     4
43.6     4
43.6     4
43.7     3
43.7     2
43.7     2
43.7     1
43.7     1
43.8     2
43.8     2
43.8     3
43.8     4
43.8     5
43.9     6
43.9     6
43.9     5
43.9     5
43.9     4
44.0     4
44.0     3
44.0     2
44.0     1
44.0     0
44.1     0
44.1     1
44.1     2
44.1     3
44.1     4
44.2     5
44.2     6
44.2     6
44.2     5
44.2     5
44.3     4
44.3     3
44.3     3
44.3     3
44.3     3
44.4     3
44.4     4
44.4     4
44.4     4
44.4     3
44.5     3
44.5     3
44.5     3
44.5     4
44.5     4
44.6     4
44.6     4
44.6     4
44.6     4
44.6     4
44.7     4
44.7     4
44.7     4
44.7     3
44.7     3
44.8     3
44.8     3
44.8     3
44.8     4
44.8     4
44.9     5
44.9     5
44.9     5
44.9     5
44.9     5
45.0     5
45.0     4
45.0     4
45.0     3
45.0     2
45.1     2
45.1     1
45.1     1
45.1     1
45.1     2
45.2     2
45.2     2
45.2     3
45.2     3
45.2     3
45.3     3
45.3     3
45.3     3
45.3     2
45.3     2
45.4     2
45.4     3
45.4     4
45.4     4
45.4     4
45.5     3
45.5     2
45.5     1
45.5     1
45.5     1
45.6     2
45.6     2
45.6     3
45.6     3
45.6     3
45.7     2
45.7     2
45.7     2
45.7     3
45.7     3
45.8     3
45.8     3
45.8     3
45.8     2
45.8     2
45.9     2
45.9     2
45.9     3
45.9     3
45.9     3
46.0     4
46.0     4
46.0     4
46.0     4
46.0     3
46.1     2
46.1     2
46.1     1
46.1     1
46.1     1
46.2     1
46.2     1
46.2     1
46.2     2
46.2     3
46.3     4
46.3     5
46.3     5
46.3     5
46.3     4
46.4     3
46.4     2
46.4     2
46.4     1
46.4     1
46.5     1
46.5     1
46.5     1
46.5     1
46.5     1
46.6     1
46.6     1
46.6     1
46.6     1
46.6     1
46.7     2
46.7     3
46.7     4
46.7     4
46.7     4
46.8     4
46.8     3
46.8     2
46.8     2
46.8     2
46.9     3
46.9     3
46.9     4
46.9     4
46.9     3
47.0     2
47.0     2
47.0     1
47.0     1
47.0     2
47.1     3
47.1     4
47.1     5
47.1     5
47.1     5
47.2     4
47.2     3
47.2     1
47.2     0
47.2     0
47.3     0
47.3     1
47.3     1
47.3     2
47.3     2
47.4     2
47.4     2
47.4     1
47.4     1
47.4     1
47.5     2
47.5     3
47.5     4
47.5     4
47.5     4
47.6     4
47.6     3
47.6     3
47.6     2
47.6     2
47.7     2
47.7     2
47.7     2
47.7     2
47.7     2
47.8     2
47.8     2
47.8     2
47.8     2
47.8     2
47.9     1
47.9     1
47.9     1
47.9     1
47.9     1
48.0     1
48.0     2
48.0     2
48.0     2
48.0     2
48.1     2
48.1     2
48.1     2
48.1     2
48.1     1
48.2     1
48.2     1
48.2     1
48.2     1
48.2     2
48.3     3
48.3     4
48.3     4
48.3     4
48.3     3
48.4     2
48.4     1
48.4     0
48.4     0
48.4     0
48.5     1
48.5     2
48.5     3
48.5     4
48.5     5
48.6     5
48.6     4
48.6     3
48.6     2
48.6     1
48.7     0
48.7     0
48.7     0
48.7     1
48.7     2
48.8     3
48.8     3
48.8     3
48.8     3
48.8     2
48.9     1
48.9     0
48.9     0
48.9     0
48.9     0
49.0     0
49.0     0
49.0     0
49.0     1
49.0     1
49.1     1
49.1     1
49.1     1
49.1     2
49.1     2
49.2     2
49.2     2
49.2     2
49.2     2
49.2     2
49.3     2
49.3     2
49.3     2
49.3     1
49.3     1
49.4     1
49.4     1
49.4     2
49.4     3
49.4     4
49.5     4
49.5     4
49.5     3
49.5     2
49.5     1
49.6     1
49.6     0
49.6     0
49.6     0
49.6     1
49.7     1
49.7     2
49.7     3
49.7     3
49.7     2
49.8     2
49.8     1
49.8     1
49.8     1
49.8     1
49.9     1
49.9     1
49.9     2
49.9     2
49.9     2
50.0     2
50.0     1
50.0     1
50.0     1
50.0     1
50.1     2
50.1     3
50.1     3
50.1     4
50.1     4
50.2     4
50.2     4
50.2     3
50.2     3
50.2     2
50.3     2
50.3     1
50.3     1
50.3     0
50.3     0
50.4     0
50.4     1
50.4     1
50.4     2
50.4     2
50.5     2
50.5     2
50.5     2
50.5     1
50.5     1
50.6     1
50.6     1
50.6     1
50.6     1
50.6     1
50.7     0
50.7     0
50.7     0
50.7     1
50.7     1
50.8     2
50.8     2
50.8     2
50.8     2
50.8     2
50.9     1
50.9     1
50.9     1
50.9     1
50.9     2
51.0     2
51.0     2
51.0     2
51.0     2
51.0     2
51.1     2
51.1     2
51.1     1
51.1     1
51.1     1
51.2     0
51.2     0
51.2     1
51.2     1
51.2     2
51.3     2
51.3     2
51.3     2
51.3     2
51.3     2
51.4     2
51.4     2
51.4     2
51.4     2
51.4     2
51.5     2
51.5     2
51.5     2
51.5     1
51.5     1
51.6     1
51.6     1
51.6     1
51.6     1
51.6     2
51.7     2
51.7     2
51.7     2
51.7     2
51.7     2
51.8     2
51.8     1
51.8     1
51.8     1
51.8     1
51.9     2
51.9     2
51.9     2
51.9     2
51.9     2
52.0     2
52.0     1
52.0     1
52.0     1
52.0     1
52.1     2
52.1     3
52.1     4
52.1     4
52.1     4
52.2     4
52.2     3
52.2     2
52.2     1
52.2     0
52.3     0
52.3     0
52.3     1
52.3     2
52.3     2
52.4     3
52.4     3
52.4     3
52.4     2
52.4     1
52.5     1
52.5     1
52.5     2
52.5     2
52.5     3
52.6     3
52.6     3
52.6     2
52.6     2
52.6     1
52.7     1
52.7     1
52.7     1
52.7     1
52.7     0
52.8     0
52.8     0
52.8     0
52.8     0
52.8     0
52.9     1
52.9     1
52.9     2
52.9     2
52.9     1
53.0     1
53.0     1
53.0     1
53.0     1
53.0     1
53.1     1
53.1     1
53.1     1
53.1     1
53.1     2
53.2     3
53.2     3
53.2     4
53.2     4
53.2     3
53.3     3
53.3     3
53.3     3
53.3     2
53.3     2
53.4     2
53.4     2
53.4     2
53.4     2
53.4     2
53.5     2
53.5     2
53.5     1
53.5     1
53.5     1
53.6     1
53.6     1
53.6     2
53.6     3
53.6     3
53.7     4
53.7     4
53.7     4
53.7     3
53.7     3
53.8     2
53.8     2
53.8     2
53.8     2
53.8     3
53.9     3
53.9     4
53.9     4
53.9     4
53.9     3
54.0     2
54.0     1
54.0     0
54.0     0
54.0     0
54.1     0
54.1     0
54.1     1
54.1     2
54.1     3
54.2     3
54.2     3
54.2     3
54.2     3
54.2     2
54.3     2
54.3     1
54.3     1
54.3     1
54.3     1
54.4     2
54.4     2
54.4     2
54.4     1
54.4     1
54.5     1
54.5     1
54.5     1
54.5     1
54.5     2
54.6     3
54.6     4
54.6     5
54.6     5
54.6     5
54.7     5
54.7     4
54.7     4
54.7     3
54.7     2
54.8     2
54.8     1
54.8     0
54.8     0
54.8     0
54.9     1
54.9     1
54.9     2
54.9     3
54.9     3
55.0     4
55.0     4
55.0     4
55.0     5
55.0     5
55.1     5
55.1     5
55.1     4
55.1     4
55.1     3
55.2     2
55.2     2
55.2     1
55.2     1
55.2     1
55.3     2
55.3     3
55.3     3
55.3     4
55.3     5
55.4     5
55.4     5
55.4     5
55.4     4
55.4     4
55.5     3
55.5     3
55.5     2
55.5     2
55.5     2
55.6     2
55.6     3
55.6     4
55.6     4
55.6     4
55.7     3
55.7     3
55.7     3
55.7     3
55.7     3
55.8     3
55.8     2
55.8     2
55.8     2
55.8     2
55.9     3
55.9     4
55.9     4
55.9     5
55.9     5
56.0     5
56.0     5
56.0     5
56.0     4
56.0     4
56.1     3
56.1     2
56.1     1
56.1     1
56.1     1
56.2     1
56.2     2
56.2     2
56.2     3
56.2     3
56.3     3
56.3     3
56.3     2
56.3     2
56.3     2
56.4     2
56.4     2
56.4     2
56.4     3
56.4     4
56.5     4
56.5     5
56.5     5
56.5     5
56.5     5
56.6     4
56.6     3
56.6     2
56.6     1
56.6     1
56.7     1
56.7     2
56.7     2
56.7     3
56.7     3
56.8     3
56.8     2
56.8     2
56.8     2
56.8     2
56.9     3
56.9     3
56.9     4
56.9     4
56.9     5
57.0     5
57.0     5
57.0     6
57.0     6
57.0     6
57.1     6
57.1     5
57.1     4
57.1     3
57.1     3
57.2     2
57.2     2
57.2     2
57.2     2
57.2     3
57.3     4
57.3     5
57.3     6
57.3     7
57.3     7
57.4     7
57.4     7
57.4     6
57.4     5
57.4     4
57.5     3
57.5     2
57.5     2
57.5     2
57.5     3
57.6     4
57.6     5
57.6     5
57.6     5
57.6     5
57.7     5
57.7     4
57.7     3
57.7     2
57.7     1
57.8     1
57.8     1
57.8     1
57.8     2
57.8     3
57.9     4
57.9     5
57.9     5
57.9     4
57.9     3
58.0     2
58.0     1
58.0     1
58.0     1
58.0     0
58.1     0
58.1     0
58.1     0
58.1     1
58.1     1
58.2     2
58.2     2
58.2     2
58.2     2
58.2     2
58.3     2
58.3     2
58.3     2
58.3     3
58.3     3
58.4     2
58.4     2
58.4     1
58.4     1
58.4     1
58.5     1
58.5     1
58.5     1
58.5     1
58.5     1
58.6     2
58.6     2
58.6     3
58.6     3
58.6     3
58.7     2
58.7     1
58.7     0
58.7     0
58.7     0
58.8     1
58.8     1
58.8     2
58.8     2
58.8     2
58.9     2
58.9     2
58.9     2
58.9     2
58.9     1
59.0     1
59.0     1
59.0     1
59.0     2
59.0     2
59.1     2
59.1     2
59.1     2
59.1     1
59.1     1
59.2     0
59.2     0
59.2     1
59.2     1
59.2     1
59.3     2
59.3     2
59.3     2
59.3     2
59.3     1
59.4     1
59.4     1
59.4     1
59.4     1
59.4     1
59.5     2
59.5     2
59.5     3
59.5     3
59.5     2
59.6     2
59.6     1
59.6     1
59.6     1
59.6     1
59.7     1
59.7     1
59.7     1
59.7     1
59.7     1
59.8     2
59.8     2
59.8     2
59.8     2
59.8     3
59.9     3
59.9     3
59.9     4
59.9     4
59.9     4
60.0     4
60.0     4
60.0     3
60.0     2
60.0     2
60.1     1
60.1     0
60.1     0
60.1     0
60.1     0
60.2     0
60.2     1
60.2     2
60.2     2
60.2     3
60.3     3
60.3     3
60.3     3
60.3     3
60.3     3
60.4     4
60.4     4
60.4     4
60.4     4
60.4     3
60.5     3
60.5     3
60.5     2
60.5     2
60.5     2
60.6     2
60.6     2
60.6     2
60.6     2
60.6     2
60.7     3
60.7     3
60.7     3
60.7     3
60.7     2
60.8     2
60.8     2
60.8     1
60.8     1
60.8     1
60.9     1
60.9     1
60.9     1
60.9     2
60.9     2
61.0     3
61.0     3
61.0     3
61.0     3
61.0     2
61.1     2
61.1     2
61.1     2
61.1     3
61.1     3
61.2     3
61.2     3
61.2     3
61.2     4
61.2     4
61.3     5
61.3     5
61.3     4
61.3     4
61.3     3
61.4     2
61.4     1
61.4     1
61.4     1
61.4     2
61.5     2
61.5     3
61.5     3
61.5     4
61.5     4
61.6     4
61.6     4
61.6     4
61.6     4
61.6     3
61.7     2
61.7     2
61.7     1
61.7     1
61.7     2
61.8     2
61.8     3
61.8     3
61.8     3
61.8     3
61.9     2
61.9     2
61.9     2
61.9     2
61.9     2
62.0     3
62.0     3
62.0     4
62.0     4
62.0     4
62.1     4
62.1     5
62.1     5
62.1     5
62.1     5
62.2     5
62.2     5
62.2     4
62.2     4
62.2     4
62.3     4
62.3     4
62.3     4
62.3     4
62.3     4
62.4     4
62.4     4
62.4     4
62.4     4
62.4     4
62.5     4
62.5     4
62.5     4
62.5     4
62.5     5
62.6     5
62.6     6
62.6     7
62.6     7
62.6     8
62.7     8
62.7     8
62.7     8
62.7     8
62.7     8
62.8     7
62.8     7
62.8     7
62.8     7
62.8     7
62.9     8
62.9     8
62.9     8
62.9     8
62.9     8
63.0     8
63.0     8
63.0     7
63.0     7
63.0     7
63.1     6
63.1     6
63.1     5
63.1     5
63.1     5
63.2     5
63.2     5
63.2     5
63.2     5
63.2     4
63.3     4
63.3     4
63.3     3
63.3     3
63.3     2
63.4     2
63.4     2
63.4     2
63.4     2
63.4     3
63.5     3
63.5     3
63.5     4
63.5     4
63.5     4
63.6     5
63.6     5
63.6     5
63.6     4
63.6     4
63.7     3
63.7     3
63.7     3
63.7     4
63.7     4
63.8     5
63.8     5
63.8     5
63.8     4
63.8     4
63.9     3
63.9     2
63.9     2
63.9     1
63.9     1
64.0     1
64.0     1
64.0     1
64.0     1
64.0     1
64.1     1
64.1     2
64.1     2
64.1     2
64.1     2
64.2     3
64.2     3
64.2     3
64.2     3
64.2     3
64.3     2
64.3     2
64.3     2
64.3     1
64.3     1
64.4     1
64.4     1
64.4     1
64.4     1
64.4     1
64.5     2
64.5     2
64.5     3
64.5     3
64.5     3
64.6     2
64.6     2
64.6     1
64.6     1
64.6     2
64.7     2
64.7     2
64.7     2
64.7     2
64.7     2
64.8     3
64.8     3
64.8     3
64.8     2
64.8     2
64.9     2
64.9     1
64.9     1
64.9     1
64.9     1
65.0     1
65.0     2
65.0     2
65.0     2
65.0     2
65.1     2
65.1     1
65.1     1
65.1     1
65.1     1
65.2     1
65.2     1
65.2     0
65.2     0
65.2     1
65.3     1
65.3     2
65.3     3
65.3     3
65.3     3
65.4     2
65.4     2
65.4     2
65.4     2
65.4     2
65.5     2
65.5     2
65.5     2
65.5     2
65.5     2
65.6     2
65.6     2
65.6     2
65.6     2
65.6     2
65.7     2
65.7     2
65.7     2
65.7     2
65.7     2
65.8     2
65.8     2
65.8     2
65.8     3
65.8     3
65.9     3
65.9     3
65.9     3
65.9     3
65.9     3
66.0     3
66.0     3
66.0     3
66.0     3
66.0     3
66.1     3
66.1     3
66.1     3
66.1     2
66.1     2
66.2     2
66.2     2
66.2     2
66.2     2
66.2     3
66.3     3
66.3     3
66.3     3
66.3     3
66.3     3
66.4     3
66.4     3
66.4     3
66.4     3
66.4     3
66.5     3
66.5     3
66.5     2
66.5     2
66.5     2
66.6     2
66.6     2
66.6     2
66.6     3
66.6     3
66.7     3
66.7     4
66.7     4
66.7     4
66.7     4
66.8     3
66.8     3
66.8     2
66.8     2
66.8     2
66.9     2
66.9     2
66.9     2
66.9     2
66.9     2
67.0     1
67.0     1
67.0     1
67.0     1
67.0     2
67.1     3
67.1     4
67.1     4
67.1     4
67.1     3
67.2     3
67.2     2
67.2     1
67.2     1
67.2     1
67.3     1
67.3     1
67.3     2
67.3     2
67.3     3
67.4     3
67.4     3
67.4     4
67.4     4
67.4     5
67.5     6
67.5     6
67.5     5
67.5     5
67.5     4
67.6     3
67.6     2
67.6     2
67.6     1
67.6     1
67.7     1
67.7     1
67.7     1
67.7     2
67.7     2
67.8     3
67.8     3
67.8     3
67.8     3
67.8     3
67.9     3
67.9     4
67.9     4
67.9     5
67.9     5
68.0     4
68.0     4
68.0     3
68.0     3
68.0     3
68.1     2
68.1     2
68.1     2
68.1     2
68.1     2
68.2     2
68.2     3
68.2     3
68.2     3
68.2     3
68.3     3
68.3     3
68.3     2
68.3     2
68.3     1
68.4     1
68.4     1
68.4     1
68.4     1
68.4     1
68.5     1
68.5     1
68.5     2
68.5     2
68.5     2
68.6     3
68.6     3
68.6     3
68.6     2
68.6     2
68.7     1
68.7     1
68.7     1
68.7     1
68.7     1
68.8     2
68.8     2
68.8     3
68.8     3
68.8     3
68.9     3
68.9     2
68.9     1
68.9     1
68.9     0
69.0     0
69.0     1
69.0     1
69.0     1
69.0     2
69.1     2
69.1     2
69.1     2
69.1     2
69.1     2
69.2     2
69.2     3
69.2     3
69.2     3
69.2     2
69.3     1
69.3     1
69.3     1
69.3     2
69.3     2
69.4     3
69.4     3
69.4     4
69.4     4
69.4     4
69.5     4
69.5     4
69.5     3
69.5     2
69.5     1
69.6     0
69.6     0
69.6     0
69.6     1
69.6     1
69.7     2
69.7     2
69.7     2
69.7     3
69.7     3
69.8     4
69.8     4
69.8     4
69.8     4
69.8     4
69.9     4
69.9     4
69.9     3
69.9     3
69.9     3
70.0     2
70.0     2
70.0     1
70.0     1
70.0     1
70.1     1
70.1     1
70.1     1
70.1     2
70.1     3
70.2     3
70.2     4
70.2     5
70.2     5
70.2     4
70.3     4
70.3     3
70.3     3
70.3     3
70.3     3
70.4     3
70.4     3
70.4     3
70.4     2
70.4     2
70.5     2
70.5     2
70.5     2
70.5     2
70.5     2
70.6     2
70.6     2
70.6     2
70.6     2
70.6     2
70.7     3
70.7     3
70.7     3
70.7     4
70.7     4
70.8     4
70.8     4
70.8     4
70.8     3
70.8     3
70.9     3
70.9     2
70.9     2
70.9     2
70.9     3
71.0     3
71.0     4
71.0     4
71.0     3
71.0     3
71.1     3
71.1     3
71.1     4
71.1     4
71.1     4
71.2     5
71.2     5
71.2     5
71.2     5
71.2     4
71.3     4
71.3     4
71.3     4
71.3     4
71.3     4
71.4     4
71.4     4
71.4     5
71.4     5
71.4     6
71.5     6
71.5     6
71.5     5
71.5     4
71.5     3
71.6     3
71.6     2
71.6     2
71.6     2
71.6     1
71.7     1
71.7     1
71.7     1
71.7     1
71.7     2
71.8     3
71.8     4
71.8     4
71.8     4
71.8     4
71.9     3
71.9     3
71.9     3
71.9     2
71.9     2
72.0     2
72.0     2
72.0     2
72.0     2
72.0     2
72.1     2
72.1     2
72.1     2
72.1     1
72.1     1
72.2     1
72.2     1
72.2     1
72.2     2
72.2     2
72.3     2
72.3     2
72.3     2
72.3     3
72.3     3
72.4     4
72.4     5
72.4     5
72.4     5
72.4     4
72.5     4
72.5     3
72.5     2
72.5     2
72.5     2
72.6     2
72.6     2
72.6     1
72.6     1
72.6     1
72.7     1
72.7     2
72.7     2
72.7     3
72.7     3
72.8     3
72.8     3
72.8     3
72.8     3
72.8     4
72.9     4
72.9     4
72.9     3
72.9     2
72.9     1
73.0     1
73.0     1
73.0     1
73.0     1
73.0     1
73.1     1
73.1     1
73.1     1
73.1     2
73.1     2
73.2     2
73.2     3
73.2     3
73.2     3
73.2     3
73.3     3
73.3     3
73.3     3
73.3     3
73.3     2
73.4     2
73.4     2
73.4     1
73.4     1
73.4     1
73.5     1
73.5     1
73.5     1
73.5     0
73.5     0
73.6     0
73.6     1
73.6     2
73.6     2
73.6     3
73.7     4
73.7     4
73.7     4
73.7     3
73.7     2
73.8     1
73.8     1
73.8     1
73.8     1
73.8     1
73.9     1
73.9     1
73.9     1
73.9     1
73.9     1
74.0     1
74.0     1
74.0     1
74.0     1
74.0     1
74.1     2
74.1     2
74.1     2
74.1     1
74.1     1
74.2     1
74.2     1
74.2     2
74.2     3
74.2     3
74.3     3
74.3     2
74.3     2
74.3     1
74.3     1
74.4     1
74.4     2
74.4     2
74.4     2
74.4     1
74.5     1
74.5     1
74.5     1
74.5     2
74.5     2
74.6     2
74.6     3
74.6     3
74.6     3
74.6     3
74.7     3
74.7     3
74.7     3
74.7     3
74.7     2
74.8     2
74.8     1
74.8     1
74.8     1
74.8     2
74.9     2
74.9     2
74.9     2
74.9     2
74.9     2
75.0     3
75.0     3
75.0     4
75.0     4
75.0     4
75.1     3
75.1     3
75.1     3
75.1     3
75.1     3
75.2     3
75.2     3
75.2     3
75.2     3
75.2     4
75.3     5
75.3     6
75.3     6
75.3     6
75.3     5
75.4     4
75.4     4
75.4     4
75.4     4
75.4     5
75.5     5
75.5     5
75.5     4
75.5     3
75.5     2
75.6     2
75.6     2
75.6     2
75.6     2
75.6     2
75.7     2
75.7     2
75.7     3
75.7     3
75.7     4
75.8     4
75.8     3
75.8     3
75.8     3
75.8     3
75.9     3
75.9     4
75.9     4
75.9     3
75.9     3
76.0     2
76.0     1
76.0     1
76.0     1
76.0     2
76.1     3
76.1     4
76.1     4
76.1     4
76.1     4
76.2     4
76.2     5
76.2     5
76.2     5
76.2     5
76.3     4
76.3     4
76.3     3
76.3     3
76.3     3
76.4     3
76.4     3
76.4     2
76.4     2
76.4     2
76.5     2
76.5     2
76.5     2
76.5     2
76.5     2
76.6     2
76.6     2
76.6     2
76.6     2
76.6     2
76.7     2
76.7     2
76.7     1
76.7     1
76.7     1
76.8     1
76.8     2
76.8     2
76.8     2
76.8     3
76.9     3
76.9     3
76.9     3
76.9     3
76.9     4
77.0     5
77.0     6
77.0     7
77.0     7
77.0     6
77.1     6
77.1     5
77.1     4
77.1     4
77.1     3
77.2     2
77.2     1
77.2     0
77.2     0
77.2     0
77.3     0
77.3     0
77.3     0
77.3     0
77.3     1
77.4     1
77.4     1
77.4     1
77.4     2
77.4     2
77.5     2
77.5     2
77.5     2
77.5     2
77.5     3
77.6     3
77.6     4
77.6     4
77.6     4
77.6     4
77.7     3
77.7     2
77.7     1
77.7     1
77.7     0
77.8     0
77.8     0
77.8     0
77.8     0
77.8     0
77.9     0
77.9     1
77.9     1
77.9     1
77.9     2
78.0     2
78.0     2
78.0     1
78.0     1
78.0     1
78.1     1
78.1     2
78.1     2
78.1     3
78.1     3
78.2     3
78.2     3
78.2     2
78.2     2
78.2     1
78.3     1
78.3     1
78.3     1
78.3     1
78.3     1
78.4     1
78.4     1
78.4     1
78.4     1
78.4     1
78.5     1
78.5     1
78.5     1
78.5     1
78.5     2
78.6     2
78.6     2
78.6     2
78.6     2
78.6     1
78.7     1
78.7     1
78.7     2
78.7     2
78.7     2
78.8     1
78.8     1
78.8     0
78.8     0
78.8     0
78.9     0
78.9     1
78.9     1
78.9     2
78.9     2
79.0     2
79.0     2
79.0     2
79.0     2
79.0     2
79.1     2
79.1     2
79.1     2
79.1     1
79.1     1
79.2     1
79.2     1
79.2     1
79.2     1
79.2     1
79.3     1
79.3     1
79.3     1
79.3     1
79.3     0
79.4     0
79.4     0
79.4     0
79.4     1
79.4     1
79.5     1
79.5     2
79.5     2
79.5     3
79.5     4
79.6     4
79.6     4
79.6     4
79.6     3
79.6     3
79.7     2
79.7     2
79.7     2
79.7     2
79.7     1
79.8     1
79.8     1
79.8     1
79.8     1
79.8     1
79.9     1
79.9     1
79.9     1
79.9     1
79.9     2
80.0     2
80.0     3
80.0     3
80.0     2
80.0     2
80.1     2
80.1     2
80.1     1
80.1     1
80.1     1
80.2     1
80.2     1
80.2     1
80.2     1
80.2     1
80.3     1
80.3     2
80.3     2
80.3     2
80.3     2
80.4     2
80.4     2
80.4     2
80.4     2
80.4     2
80.5     2
80.5     2
80.5     2
80.5     2
80.5     2
80.6     2
80.6     2
80.6     2
80.6     2
80.6     2
80.7     2
80.7     2
80.7     2
80.7     2
80.7     2
80.8     2
80.8     1
80.8     1
80.8     1
80.8     1
80.9     1
80.9     2
80.9     3
80.9     4
80.9     5
81.0     5
81.0     4
81.0     3
81.0     2
81.0     1
81.1     1
81.1     1
81.1     1
81.1     2
81.1     2
81.2     2
81.2     2
81.2     1
81.2     1
81.2     1
81.3     1
81.3     2
81.3     2
81.3     1
81.3     1
81.4     0
81.4     0
81.4     1
81.4     2
81.4     2
81.5     3
81.5     3
81.5     3
81.5     3
81.5     3
81.6     3
81.6     3
81.6     3
81.6     3
81.6     2
81.7     2
81.7     1
81.7     1
81.7     1
81.7     1
81.8     2
81.8     2
81.8     2
81.8     2
81.8     2
81.9     1
81.9     1
81.9     1
81.9     1
81.9     2
82.0     2
82.0     2
82.0     3
82.0     3
82.0     3
82.1     4
82.1     4
82.1     4
82.1     4
82.1     3
82.2     2
82.2     1
82.2     1
82.2     0
82.2     0
82.3     1
82.3     1
82.3     1
82.3     1
82.3     1
82.4     1
82.4     2
82.4     2
82.4     3
82.4     3
82.5     2
82.5     2
82.5     2
82.5     2
82.5     2
82.6     2
82.6     2
82.6     2
82.6     2
82.6     2
82.7     2
82.7     2
82.7     2
82.7     2
82.7     2
82.8     2
82.8     2
82.8     1
82.8     1
82.8     1
82.9     2
82.9     2
82.9     3
82.9     3
82.9     2
83.0     2
83.0     1
83.0     1
83.0     0
83.0     0
83.1     0
83.1     0
83.1     1
83.1     1
83.1     1
83.2     1
83.2     2
83.2     2
83.2     2
83.2     2
83.3     1
83.3     1
83.3     1
83.3     1
83.3     1
83.4     1
83.4     1
83.4     1
83.4     1
83.4     1
83.5     1
83.5     1
83.5     1
83.5     1
83.5     1
83.6     1
83.6     1
83.6     1
83.6     2
83.6     2
83.7     2
83.7     3
83.7     3
83.7     3
83.7     3
83.8     3
83.8     2
83.8     2
83.8     2
83.8     2
83.9     2
83.9     1
83.9     1
83.9     1
83.9     0
84.0     0
84.0     1
84.0     1
84.0     2
84.0     2
84.1     2
84.1     2
84.1     1
84.1     1
84.1     0
84.2     0
84.2     0
84.2     0
84.2     1
84.2     1
84.3     1
84.3     1
84.3     1
84.3     0
84.3     0
84.4     0
84.4     0
84.4     0
84.4     0
84.4     0
84.5     0
84.5     0
84.5     0
84.5     0
84.5     0
84.6     0
84.6     1
84.6     1
84.6     1
84.6     1
84.7     1
84.7     1
84.7     1
84.7     2
84.7     2
84.8     2
84.8     2
84.8     2
84.8     1
84.8     1
84.9     1
84.9     1
84.9     1
84.9     1
84.9     1
85.0     1
85.0     2
85.0     2
85.0     2
85.0     2
85.1     1
85.1     1
85.1     1
85.1     1
85.1     1
85.2     1
85.2     1
85.2     2
85.2     2
85.2     2
85.3     2
85.3     2
85.3     1
85.3     1
85.3     1
85.4     1
85.4     2
85.4     2
85.4     2
85.4     2
85.5     3
85.5     3
85.5     3
85.5     3
85.5     3
85.6     2
85.6     2
85.6     1
85.6     1
85.6     1
85.7     2
85.7     2
85.7     2
85.7     2
85.7     2
85.8     2
85.8     1
85.8     1
85.8     1
85.8     1
85.9     2
85.9     2
85.9     2
85.9     2
85.9     2
86.0     2
86.0     2
86.0     2
86.0     2
86.0     2
86.1     2
86.1     2
86.1     2
86.1     2
86.1     2
86.2     2
86.2     2
86.2     2
86.2     2
86.2     3
86.3     3
86.3     3
86.3     3
86.3     3
86.3     3
86.4     2
86.4     2
86.4     1
86.4     1
86.4     1
86.5     1
86.5     2
86.5     2
86.5     2
86.5     2
86.6     1
86.6     1
86.6     1
86.6     1
86.6     1
86.7     2
86.7     2
86.7     2
86.7     2
86.7     2
86.8     2
86.8     2
86.8     2
86.8     2
86.8     3
86.9     3
86.9     3
86.9     3
86.9     2
86.9     2
87.0     1
87.0     1
87.0     1
87.0     2
87.0     3
87.1     3
87.1     3
87.1     2
87.1     2
87.1     1
87.2     1
87.2     1
87.2     1
87.2     1
87.2     1
87.3     1
87.3     1
87.3     1
87.3     1
87.3     2
87.4     2
87.4     2
87.4     2
87.4     2
87.4     2
87.5     2
87.5     2
87.5     2
87.5     2
87.5     2
87.6     2
87.6     2
87.6     2
87.6     2
87.6     2
87.7     2
87.7     2
87.7     2
87.7     3
87.7     3
87.8     2
87.8     2
87.8     1
87.8     1
87.8     1
87.9     1
87.9     1
87.9     1
87.9     1
87.9     1
88.0     1
88.0     2
88.0     2
88.0     2
88.0     2
88.1     2
88.1     1
88.1     1
88.1     1
88.1     1
88.2     1
88.2     2
88.2     2
88.2     2
88.2     2
88.3     2
88.3     2
88.3     2
88.3     2
88.3     2
88.4     2
88.4     2
88.4     2
88.4     1
88.4     1
88.5     1
88.5     1
88.5     1
88.5     1
88.5     1
88.6     1
88.6     1
88.6     1
88.6     1
88.6     1
88.7     1
88.7     2
88.7     3
88.7     4
88.7     4
88.8     4
88.8     4
88.8     3
88.8     2
88.8     2
88.9     1
88.9     1
88.9     1
88.9     1
88.9     1
89.0     1
89.0     1
89.0     1
89.0     1
89.0     1
89.1     2
89.1     2
89.1     2
89.1     2
89.1     2
89.2     2
89.2     2
89.2     2
89.2     2
89.2     2
89.3     2
89.3     2
89.3     2
89.3     2
89.3     1
89.4     1
89.4     0
89.4     0
89.4     0
89.4     1
89.5     1
89.5     1
89.5     1
89.5     1
89.5     2
89.6     2
89.6     2
89.6     2
89.6     2
89.6     2
89.7     2
89.7     2
89.7     2
89.7     3
89.7     3
89.8     3
89.8     4
89.8     4
89.8     4
89.8     4
89.9     3
89.9     3
89.9     2
89.9     2
89.9     2
90.0     2
