XN6
10.0     1
10.0     1
10.0     1
10.0     1
10.0     1
10.1     1
10.1     1
10.1     1
10.1     1
10.1     0
10.2     0
10.2     0
10.2     1
10.2     1
10.2     2
10.3     2
10.3     1
10.3     1
10.3     1
10.3     1
10.4     1
10.4     1
10.4     1
10.4     1
10.4     1
10.5     1
10.5     1
10.5     1
10.5     1
10.5     1
10.6     1
10.6     1
10.6     1
10.6     1
10.6     1
10.7     1
10.7     0
10.7     0
10.7     0
10.7     1
10.8     1
10.8     1
10.8     1
10.8     1
10.8     1
10.9     0
10.9     0
10.9     0
10.9     0
10.9     1
11.0     1
11.0     1
11.0     2
11.0     2
11.0     2
11.1     1
11.1     1
11.1     1
11.1     1
11.1     1
11.2     1
11.2     1
11.2     1
11.2     1
11.2     1
11.3     1
11.3     0
11.3     0
11.3     0
11.3     0
11.4     1
11.4     1
11.4     1
11.4     1
11.4     1
11.5     1
11.5     1
11.5     1
11.5     2
11.5     2
11.6     2
11.6     2
11.6     1
11.6     1
11.6     1
11.7     2
11.7     2
11.7     2
11.7     2
11.7     1
11.8     1
11.8     1
11.8     1
11.8     1
11.8     1
11.9     0
11.9     0
11.9     0
11.9     0
11.9     1
12.0     1
12.0     2
12.0     2
12.0     2
12.0     1
12.1     1
12.1     1
12.1     1
12.1     1
12.1     1
12.2     1
12.2     1
12.2     1
12.2     1
12.2     1
12.3     0
12.3     0
12.3     0
12.3     0
12.3     0
12.4     0
12.4     0
12.4     0
12.4     0
12.4     1
12.5     1
12.5     1
12.5     1
12.5     1
12.5     1
12.6     1
12.6     0
12.6     0
12.6     0
12.6     1
12.7     1
12.7     1
12.7     1
12.7     1
12.7     1
12.8     1
12.8     1
12.8     1
12.8     1
12.8     1
12.9     2
12.9     2
12.9     3
12.9     3
12.9     3
13.0     2
13.0     2
13.0     1
13.0     1
13.0     1
13.1     1
13.1     1
13.1     1
13.1     1
13.1     1
13.2     1
13.2     1
13.2     2
13.2     2
13.2     2
13.3     1
13.3     1
13.3     1
13.3     1
13.3     1
13.4     1
13.4     1
13.4     1
13.4     1
13.4     1
13.5     1
13.5     1
13.5     1
13.5     1
13.5     1
13.6     1
13.6     1
13.6     1
13.6     2
13.6     2
13.7     2
13.7     2
13.7     2
13.7     2
13.7     2
13.8     3
13.8     3
13.8     4
13.8     4
13.8     4
13.9     4
13.9     3
13.9     3
13.9     2
13.9     2
14.0     2
14.0     2
14.0     2
14.0     2
14.0     2
14.1     2
14.1     3
14.1     3
14.1     4
14.1     4
14.2     3
14.2     3
14.2     2
14.2     2
14.2     2
14.3     2
14.3     2
14.3     2
14.3     2
14.3     3
14.4     3
14.4     3
14.4     3
14.4     3
14.4     3
14.5     3
14.5     3
14.5     3
14.5     3
14.5     3
14.6     2
14.6     2
14.6     2
14.6     2
14.6     2
14.7     2
14.7     3
14.7     3
14.7     4
14.7     4
14.8     4
14.8     4
14.8     4
14.8     4
14.8     4
14.9     4
14.9     3
14.9     3
14.9     3
14.9     2
15.0     2
15.0     2
15.0     2
15.0     3
15.0     3
15.1     3
15.1     3
15.1     3
15.1     3
15.1     2
15.2     2
15.2     2
15.2     2
15.2     2
15.2     3
15.3     3
15.3     4
15.3     4
15.3     4
15.3     4
15.4     3
15.4     3
15.4     3
15.4     2
15.4     2
15.5     1
15.5     1
15.5     1
15.5     1
15.5     1
15.6     2
15.6     2
15.6     3
15.6     3
15.6     3
15.7     3
15.7     3
15.7     3
15.7     3
15.7     3
15.8     2
15.8     2
15.8     2
15.8     2
15.8     2
15.9     2
15.9     3
15.9     3
15.9     4
15.9     4
16.0     3
16.0     3
16.0     3
16.0     2
16.0     2
16.1     2
16.1     2
16.1     2
16.1     2
16.1     2
16.2     2
16.2     2
16.2     2
16.2     2
16.2     2
16.3     2
16.3     2
16.3     2
16.3     2
16.3     1
16.4     1
16.4     1
16.4     1
16.4     1
16.4     2
16.5     2
16.5     2
16.5     2
16.5     1
16.5     1
16.6     0
16.6     0
16.6     0
16.6     1
16.6     1
16.7     2
16.7     2
16.7     2
16.7     2
16.7     1
16.8     1
16.8     1
16.8     1
16.8     1
16.8     2
16.9     2
16.9     2
16.9     1
16.9     1
16.9     1
17.0     1
17.0     1
17.0     1
17.0     1
17.0     1
17.1     1
17.1     2
17.1     2
17.1     2
17.1     2
17.2     1
17.2     1
17.2     1
17.2     1
17.2     1
17.3     1
17.3     1
17.3     1
17.3     1
17.3     2
17.4     2
17.4     2
17.4     1
17.4     1
17.4     1
17.5     1
17.5     1
17.5     1
17.5     1
17.5     1
17.6     2
17.6     2
17.6     2
17.6     2
17.6     2
17.7     1
17.7     1
17.7     1
17.7     2
17.7     2
17.8     2
17.8     1
17.8     1
17.8     1
17.8     1
17.9     1
17.9     1
17.9     1
17.9     1
17.9     1
18.0     1
18.0     1
18.0     1
18.0     1
18.0     2
18.1     2
18.1     2
18.1     3
18.1     3
18.1     4
18.2     4
18.2     4
18.2     3
18.2     3
18.2     2
18.3     1
18.3     1
18.3     1
18.3     1
18.3     2
18.4     2
18.4     3
18.4     3
18.4     3
18.4     3
18.5     3
18.5     3
18.5     2
18.5     2
18.5     1
18.6     1
18.6     1
18.6     1
18.6     1
18.6     1
18.7     1
18.7     1
18.7     1
18.7     1
18.7     1
18.8     1
18.8     1
18.8     1
18.8     1
18.8     1
18.9     1
18.9     1
18.9     1
18.9     1
18.9     1
19.0     1
19.0     1
19.0     1
19.0     1
19.0     2
19.1     2
19.1     2
19.1     2
19.1     2
19.1     2
19.2     2
19.2     2
19.2     2
19.2     2
19.2     2
19.3     2
19.3     2
19.3     2
19.3     2
19.3     2
19.4     3
19.4     3
19.4     3
19.4     2
19.4     2
19.5     1
19.5     1
19.5     1
19.5     1
19.5     1
19.6     2
19.6     2
19.6     3
19.6     3
19.6     2
19.7     2
19.7     2
19.7     1
19.7     1
19.7     1
19.8     1
19.8     0
19.8     0
19.8     0
19.8     0
19.9     0
19.9     1
19.9     1
19.9     2
19.9     2
20.0     2
20.0     2
20.0     2
20.0     2
20.0     2
20.1     3
20.1     3
20.1     3
20.1     3
20.1     2
20.2     2
20.2     2
20.2     2
20.2     2
20.2     2
20.3     2
20.3     2
20.3     2
20.3     2
20.3     3
20.4     3
20.4     3
20.4     2
20.4     2
20.4     1
20.5     1
20.5     1
20.5     1
20.5     1
20.5     2
20.6     2
20.6     2
20.6     2
20.6     2
20.6     2
20.7     2
20.7     2
20.7     2
20.7     1
20.7     1
20.8     1
20.8     1
20.8     2
20.8     2
20.8     2
20.9     3
20.9     3
20.9     3
20.9     3
20.9     3
21.0     3
21.0     2
21.0     2
21.0     2
21.0     1
21.1     1
21.1     1
21.1     2
21.1     2
21.1     3
21.2     3
21.2     3
21.2     3
21.2     2
21.2     2
21.3     1
21.3     1
21.3     2
21.3     2
21.3     2
21.4     2
21.4     2
21.4     2
21.4     3
21.4     3
21.5     4
21.5     4
21.5     4
21.5     3
21.5     3
21.6     3
21.6     3
21.6     3
21.6     3
21.6     2
21.7     2
21.7     1
21.7     1
21.7     1
21.7     1
21.8     2
21.8     3
21.8     3
21.8     3
21.8     2
21.9     1
21.9     1
21.9     1
21.9     1
21.9     2
22.0     2
22.0     2
22.0     2
22.0     2
22.0     2
22.1     1
22.1     1
22.1     0
22.1     0
22.1     0
22.2     1
22.2     1
22.2     2
22.2     2
22.2     1
22.3     1
22.3     1
22.3     1
22.3     1
22.3     1
22.4     1
22.4     1
22.4     2
22.4     2
22.4     3
22.5     3
22.5     3
22.5     3
22.5     2
22.5     1
22.6     1
22.6     1
22.6     2
22.6     2
22.6     2
22.7     3
22.7     3
22.7     2
22.7     2
22.7     1
22.8     1
22.8     1
22.8     1
22.8     1
22.8     0
22.9     0
22.9     1
22.9     1
22.9     2
22.9     3
23.0     3
23.0     3
23.0     2
23.0     1
23.0     1
23.1     1
23.1     2
23.1     2
23.1     2
23.1     2
23.2     2
23.2     2
23.2     2
23.2     2
23.2     2
23.3     2
23.3     2
23.3     2
23.3     1
23.3     1
23.4     1
23.4     2
23.4     2
23.4     3
23.4     3
23.5     3
23.5     3
23.5     3
23.5     3
23.5     3
23.6     2
23.6     2
23.6     2
23.6     1
23.6     1
23.7     1
23.7     1
23.7     2
23.7     2
23.7     2
23.8     2
23.8     1
23.8     1
23.8     1
23.8     1
23.9     1
23.9     1
23.9     1
23.9     1
23.9     1
24.0     1
24.0     2
24.0     2
24.0     2
24.0     2
24.1     2
24.1     2
24.1     2
24.1     2
24.1     2
24.2     2
24.2     3
24.2     3
24.2     3
24.2     3
24.3     2
24.3     2
24.3     2
24.3     3
24.3     4
24.4     5
24.4     5
24.4     4
24.4     3
24.4     2
24.5     1
24.5     0
24.5     0
24.5     1
24.5     1
24.6     2
24.6     2
24.6     2
24.6     2
24.6     2
24.7     2
24.7     2
24.7     2
24.7     2
24.7     2
24.8     3
24.8     3
24.8     4
24.8     4
24.8     3
24.9     2
24.9     2
24.9     1
24.9     1
24.9     2
25.0     2
25.0     2
25.0     2
25.0     2
25.0     2
25.1     3
25.1     3
25.1     3
25.1     3
25.1     3
25.2     3
25.2     2
25.2     2
25.2     2
25.2     2
25.3     2
25.3     2
25.3     2
25.3     2
25.3     2
25.4     2
25.4     2
25.4     3
25.4     3
25.4     4
25.5     4
25.5     4
25.5     4
25.5     3
25.5     3
25.6     2
25.6     2
25.6     2
25.6     2
25.6     2
25.7     1
25.7     1
25.7     1
25.7     2
25.7     2
25.8     2
25.8     3
25.8     3
25.8     4
25.8     4
25.9     5
25.9     5
25.9     4
25.9     3
25.9     2
26.0     1
26.0     1
26.0     1
26.0     2
26.0     3
26.1     4
26.1     4
26.1     4
26.1     3
26.1     2
26.2     2
26.2     2
26.2     3
26.2     4
26.2     5
26.3     6
26.3     6
26.3     5
26.3     4
26.3     3
26.4     2
26.4     2
26.4     2
26.4     2
26.4     2
26.5     2
26.5     2
26.5     2
26.5     3
26.5     3
26.6     4
26.6     4
26.6     4
26.6     4
26.6     4
26.7     4
26.7     3
26.7     3
26.7     3
26.7     3
26.8     4
26.8     4
26.8     5
26.8     5
26.8     5
26.9     4
26.9     3
26.9     3
26.9     3
26.9     4
27.0     4
27.0     4
27.0     4
27.0     3
27.0     2
27.1     2
27.1     2
27.1     3
27.1     4
27.1     5
27.2     5
27.2     5
27.2     5
27.2     4
27.2     3
27.3     2
27.3     2
27.3     2
27.3     3
27.3     4
27.4     5
27.4     5
27.4     5
27.4     4
27.4     3
27.5     2
27.5     2
27.5     2
27.5     3
27.5     4
27.6     5
27.6     6
27.6     6
27.6     6
27.6     6
27.7     6
27.7     6
27.7     6
27.7     6
27.7     5
27.8     4
27.8     3
27.8     2
27.8     1
27.8     1
27.9     1
27.9     1
27.9     1
27.9     2
27.9     3
28.0     4
28.0     5
28.0     5
28.0     4
28.0     3
28.1     2
28.1     2
28.1     2
28.1     2
28.1     2
28.2     2
28.2     2
28.2     1
28.2     1
28.2     1
28.3     2
28.3     3
28.3     3
28.3     4
28.3     4
28.4     5
28.4     5
28.4     5
28.4     4
28.4     4
28.5     3
28.5     3
28.5     3
28.5     4
28.5     4
28.6     4
28.6     5
28.6     5
28.6     5
28.6     5
28.7     4
28.7     4
28.7     4
28.7     3
28.7     3
28.8     3
28.8     3
28.8     4
28.8     4
28.8     4
28.9     4
28.9     4
28.9     4
28.9     4
28.9     4
29.0     4
29.0     3
29.0     3
29.0     3
29.0     3
29.1     4
29.1     4
29.1     5
29.1     5
29.1     5
29.2     4
29.2     4
29.2     4
29.2     4
29.2     4
29.3     5
29.3     5
29.3     5
29.3     5
29.3     4
29.4     3
29.4     3
29.4     3
29.4     4
29.4     4
29.5     4
29.5     3
29.5     3
29.5     3
29.5     3
29.6     3
29.6     4
29.6     4
29.6     4
29.6     3
29.7     2
29.7     1
29.7     0
29.7     0
29.7     1
29.8     2
29.8     3
29.8     4
29.8     4
29.8     4
29.9     4
29.9     4
29.9     4
29.9     5
29.9     6
30.0     7
30.0     8
30.0     8
30.0     8
30.0     7
30.1     7
30.1     7
30.1     8
30.1     10
30.1     11
30.2     12
30.2     12
30.2     12
30.2     11
30.2     9
30.3     8
30.3     7
30.3     7
30.3     7
30.3     7
30.4     7
30.4     6
30.4     5
30.4     4
30.4     3
30.5     3
30.5     4
30.5     4
30.5     5
30.5     6
30.6     7
30.6     8
30.6     9
30.6     9
30.6     8
30.7     7
30.7     5
30.7     3
30.7     2
30.7     1
30.8     1
30.8     1
30.8     1
30.8     2
30.8     2
30.9     2
30.9     3
30.9     3
30.9     3
30.9     4
31.0     4
31.0     4
31.0     5
31.0     5
31.0     5
31.1     5
31.1     4
31.1     4
31.1     3
31.1     3
31.2     3
31.2     3
31.2     4
31.2     5
31.2     5
31.3     5
31.3     5
31.3     4
31.3     4
31.3     4
31.4     5
31.4     5
31.4     5
31.4     5
31.4     5
31.5     5
31.5     5
31.5     4
31.5     4
31.5     3
31.6     3
31.6     3
31.6     3
31.6     4
31.6     4
31.7     5
31.7     5
31.7     5
31.7     4
31.7     3
31.8     2
31.8     2
31.8     1
31.8     1
31.8     1
31.9     2
31.9     3
31.9     5
31.9     6
31.9     7
32.0     8
32.0     8
32.0     8
32.0     8
32.0     7
32.1     7
32.1     6
32.1     6
32.1     6
32.1     6
32.2     5
32.2     4
32.2     3
32.2     2
32.2     2
32.3     2
32.3     2
32.3     2
32.3     2
32.3     2
32.4     2
32.4     2
32.4     2
32.4     3
32.4     4
32.5     5
32.5     6
32.5     6
32.5     6
32.5     5
32.6     4
32.6     4
32.6     3
32.6     2
32.6     2
32.7     2
32.7     2
32.7     2
32.7     3
32.7     4
32.8     5
32.8     6
32.8     6
32.8     5
32.8     4
32.9     4
32.9     3
32.9     2
32.9     2
32.9     2
33.0     3
33.0     4
33.0     5
33.0     5
33.0     5
33.1     5
33.1     4
33.1     3
33.1     2
33.1     1
33.2     1
33.2     1
33.2     2
33.2     3
33.2     5
33.3     6
33.3     6
33.3     6
33.3     5
33.3     3
33.4     2
33.4     1
33.4     1
33.4     1
33.4     2
33.5     2
33.5     3
33.5     3
33.5     3
33.5     3
33.6     4
33.6     4
33.6     5
33.6     5
33.6     5
33.7     4
33.7     4
33.7     3
33.7     3
33.7     3
33.8     3
33.8     3
33.8     3
33.8     3
33.8     2
33.9     2
33.9     2
33.9     1
33.9     1
33.9     1
34.0     1
34.0     1
34.0     2
34.0     2
34.0     2
34.1     2
34.1     2
34.1     2
34.1     3
34.1     4
34.2     5
34.2     5
34.2     5
34.2     4
34.2     3
34.3     1
34.3     0
34.3     0
34.3     0
34.3     0
34.4     1
34.4     1
34.4     2
34.4     2
34.4     2
34.5     1
34.5     1
34.5     1
34.5     1
34.5     1
34.6     2
34.6     3
34.6     4
34.6     5
34.6     5
34.7     4
34.7     3
34.7     2
34.7     1
34.7     1
34.8     2
34.8     2
34.8     3
34.8     3
34.8     3
34.9     3
34.9     3
34.9     3
34.9     3
34.9     3
35.0     3
35.0     2
35.0     2
35.0     1
35.0     1
35.1     1
35.1     0
35.1     0
35.1     1
35.1     1
35.2     2
35.2     2
35.2     2
35.2     2
35.2     2
35.3     2
35.3     2
35.3     3
35.3     4
35.3     5
35.4     5
35.4     5
35.4     4
35.4     4
35.4     4
35.5     5
35.5     7
35.5     10
35.5     13
35.5     15
35.6     17
35.6     18
35.6     18
35.6     18
35.6     17
35.7     17
35.7     16
35.7     16
35.7     15
35.7     13
35.8     11
35.8     8
35.8     5
35.8     3
35.8     1
35.9     0
35.9     0
35.9     0
35.9     1
35.9     2
36.0     3
36.0     4
36.0     4
36.0     4
36.0     3
36.1     2
36.1     1
36.1     1
36.1     1
36.1     1
36.2     1
36.2     1
36.2     1
36.2     1
36.2     1
36.3     1
36.3     1
36.3     1
36.3     1
36.3     1
36.4     1
36.4     1
36.4     1
36.4     1
36.4     2
36.5     3
36.5     4
36.5     4
36.5     4
36.5     3
36.6     3
36.6     2
36.6     2
36.6     2
36.6     2
36.7     3
36.7     3
36.7     3
36.7     3
36.7     2
36.8     2
36.8     1
36.8     1
36.8     1
36.8     1
36.9     1
36.9     1
36.9     2
36.9     2
36.9     2
37.0     1
37.0     1
37.0     1
37.0     1
37.0     1
37.1     1
37.1     1
37.1     1
37.1     2
37.1     2
37.2     2
37.2     2
37.2     2
37.2     2
37.2     2
37.3     3
37.3     3
37.3     3
37.3     2
37.3     2
37.4     1
37.4     1
37.4     1
37.4     1
37.4     2
37.5     2
37.5     2
37.5     2
37.5     1
37.5     1
37.6     1
37.6     1
37.6     2
37.6     2
37.6     2
37.7     2
37.7     2
37.7     2
37.7     2
37.7     2
37.8     2
37.8     2
37.8     2
37.8     2
37.8     2
37.9     2
37.9     2
37.9     2
37.9     2
37.9     2
38.0     3
38.0     3
38.0     4
38.0     4
38.0     3
38.1     3
38.1     2
38.1     1
38.1     0
38.1     0
38.2     0
38.2     0
38.2     0
38.2     0
38.2     0
38.3     1
38.3     1
38.3     1
38.3     1
38.3     1
38.4     1
38.4     1
38.4     1
38.4     2
38.4     3
38.5     4
38.5     5
38.5     5
38.5     4
38.5     3
38.6     2
38.6     1
38.6     0
38.6     0
38.6     0
38.7     1
38.7     2
38.7     2
38.7     3
38.7     3
38.8     3
38.8     2
38.8     2
38.8     2
38.8     2
38.9     2
38.9     2
38.9     2
38.9     2
38.9     2
39.0     2
39.0     2
39.0     2
39.0     2
39.0     1
39.1     1
39.1     0
39.1     0
39.1     0
39.1     0
39.2     0
39.2     1
39.2     2
39.2     3
39.2     4
39.3     5
39.3     5
39.3     5
39.3     4
39.3     3
39.4     2
39.4     1
39.4     1
39.4     0
39.4     0
39.5     1
39.5     1
39.5     2
39.5     2
39.5     2
39.6     2
39.6     2
39.6     2
39.6     2
39.6     3
39.7     3
39.7     3
39.7     2
39.7     2
39.7     1
39.8     1
39.8     1
39.8     0
39.8     0
39.8     0
39.9     0
39.9     0
39.9     0
39.9     1
39.9     1
40.0     1
40.0     1
40.0     1
40.0     1
40.0     1
40.1     2
40.1     2
40.1     2
40.1     2
40.1     2
40.2     2
40.2     1
40.2     1
40.2     1
40.2     1
40.3     1
40.3     1
40.3     1
40.3     1
40.3     1
40.4     1
40.4     0
40.4     0
40.4     1
40.4     1
40.5     2
40.5     2
40.5     2
40.5     2
40.5     2
40.6     2
40.6     2
40.6     1
40.6     1
40.6     1
40.7     1
40.7     2
40.7     2
40.7     3
40.7     3
40.8     3
40.8     2
40.8     2
40.8     2
40.8     2
40.9     3
40.9     3
40.9     3
40.9     3
40.9     3
41.0     3
41.0     2
41.0     1
41.0     1
41.0     0
41.1     0
41.1     0
41.1     1
41.1     1
41.1     1
41.2     2
41.2     2
41.2     2
41.2     1
41.2     1
41.3     1
41.3     1
41.3     1
41.3     1
41.3     2
41.4     2
41.4     2
41.4     2
41.4     2
41.4     2
41.5     1
41.5     1
41.5     1
41.5     1
41.5     1
41.6     1
41.6     2
41.6     3
41.6     4
41.6     4
41.7     4
41.7     3
41.7     2
41.7     2
41.7     1
41.8     1
41.8     1
41.8     1
41.8     1
41.8     2
41.9     3
41.9     4
41.9     4
41.9     3
41.9     2
42.0     1
42.0     1
42.0     2
42.0     3
42.0     4
42.1     4
42.1     4
42.1     4
42.1     3
42.1     3
42.2     2
42.2     2
42.2     1
42.2     1
42.2     1
42.3     1
42.3     1
42.3     1
42.3     2
42.3     3
42.4     3
42.4     4
42.4     4
42.4     4
42.4     4
42.5     3
42.5     2
42.5     2
42.5     2
42.5     3
42.6     4
42.6     4
42.6     4
42.6     4
42.6     3
42.7     3
42.7     2
42.7     2
42.7     2
42.7     2
42.8     3
42.8     3
42.8     3
42.8     4
42.8     4
42.9     4
42.9     4
42.9     4
42.9     4
42.9     4
43.0     4
43.0     5
43.0     5
43.0     6
43.0     6
43.1     6
43.1     5
43.1     4
43.1     3
43.1     3
43.2     4
43.2     5
43.2     6
43.2     8
43.2     9
43.3     9
43.3     9
43.3     8
43.3     7
43.3     6
43.4     5
43.4     5
43.4     5
43.4     4
43.4     4
43.5     3
43.5     2
43.5     2
43.5     2
43.5     2
43.6     3
43.6     3
43.6     4
43.6     4
43.6     4
43.7     4
43.7     3
43.7     3
43.7     2
43.7     2
43.8     2
43.8     3
43.8     3
43.8     4
43.8     4
43.9     3
43.9     2
43.9     2
43.9     1
43.9     1
44.0     1
44.0     2
44.0     2
44.0     3
44.0     3
44.1     3
44.1     2
44.1     2
44.1     2
44.1     1
44.2     1
44.2     1
44.2     1
44.2     1
44.2     1
44.3     1
44.3     1
44.3     1
44.3     1
44.3     1
44.4     1
44.4     1
44.4     1
44.4     1
44.4     1
44.5     1
44.5     2
44.5     2
44.5     3
44.5     3
44.6     3
44.6     2
44.6     2
44.6     1
44.6     0
44.7     0
44.7     0
44.7     1
44.7     1
44.7     2
44.8     2
44.8     2
44.8     1
44.8     1
44.8     1
44.9     1
44.9     1
44.9     2
44.9     3
44.9     4
45.0     4
45.0     4
45.0     3
45.0     2
45.0     1
45.1     1
45.1     1
45.1     1
45.1     2
45.1     2
45.2     3
45.2     3
45.2     3
45.2     3
45.2     2
45.3     2
45.3     1
45.3     0
45.3     0
45.3     1
45.4     2
45.4     3
45.4     4
45.4     4
45.4     3
45.5     3
45.5     2
45.5     1
45.5     1
45.5     1
45.6     1
45.6     1
45.6     2
45.6     2
45.6     3
45.7     3
45.7     3
45.7     3
45.7     2
45.7     2
45.8     1
45.8     1
45.8     1
45.8     1
45.8     2
45.9     3
45.9     4
45.9     4
45.9     4
45.9     4
46.0     3
46.0     2
46.0     1
46.0     1
46.0     1
46.1     1
46.1     2
46.1     2
46.1     2
46.1     2
46.2     2
46.2     2
46.2     1
46.2     1
46.2     1
46.3     1
46.3     1
46.3     2
46.3     2
46.3     3
46.4     3
46.4     3
46.4     2
46.4     2
46.4     1
46.5     1
46.5     2
46.5     2
46.5     2
46.5     2
46.6     2
46.6     1
46.6     1
46.6     1
46.6     1
46.7     1
46.7     1
46.7     1
46.7     1
46.7     1
46.8     1
46.8     2
46.8     2
46.8     2
46.8     2
46.9     2
46.9     1
46.9     1
46.9     0
46.9     0
47.0     0
47.0     1
47.0     2
47.0     3
47.0     4
47.1     4
47.1     4
47.1     3
47.1     2
47.1     1
47.2     0
47.2     0
47.2     0
47.2     1
47.2     1
47.3     1
47.3     1
47.3     1
47.3     1
47.3     1
47.4     1
47.4     1
47.4     1
47.4     1
47.4     1
47.5     2
47.5     2
47.5     2
47.5     2
47.5     2
47.6     1
47.6     1
47.6     1
47.6     1
47.6     2
47.7     2
47.7     3
47.7     3
47.7     3
47.7     2
47.8     2
47.8     1
47.8     0
47.8     0
47.8     0
47.9     1
47.9     1
47.9     2
47.9     2
47.9     2
48.0     2
48.0     2
48.0     3
48.0     3
48.0     3
48.1     3
48.1     3
48.1     2
48.1     1
48.1     1
48.2     0
48.2     0
48.2     0
48.2     1
48.2     2
48.3     3
48.3     4
48.3     4
48.3     4
48.3     3
48.4     2
48.4     1
48.4     1
48.4     1
48.4     1
48.5     1
48.5     2
48.5     2
48.5     2
48.5     2
48.6     2
48.6     2
48.6     1
48.6     1
48.6     1
48.7     1
48.7     1
48.7     2
48.7     2
48.7     2
48.8     2
48.8     2
48.8     2
48.8     2
48.8     2
48.9     1
48.9     1
48.9     0
48.9     0
48.9     0
49.0     1
49.0     1
49.0     2
49.0     2
49.0     2
49.1     2
49.1     2
49.1     2
49.1     2
49.1     2
49.2     2
49.2     1
49.2     1
49.2     1
49.2     0
49.3     0
49.3     0
49.3     0
49.3     1
49.3     1
49.4     1
49.4     2
49.4     2
49.4     2
49.4     2
49.5     1
49.5     1
49.5     0
49.5     0
49.5     0
49.6     1
49.6     2
49.6     3
49.6     4
49.6     4
49.7     4
49.7     3
49.7     2
49.7     1
49.7     1
49.8     0
49.8     0
49.8     0
49.8     0
49.8     0
49.9     0
49.9     0
49.9     0
49.9     1
49.9     1
50.0     2
50.0     2
50.0     2
50.0     2
50.0     3
50.1     3
50.1     3
50.1     3
50.1     2
50.1     2
50.2     2
50.2     1
50.2     1
50.2     1
50.2     1
50.3     0
50.3     0
50.3     0
50.3     0
50.3     1
50.4     1
50.4     2
50.4     2
50.4     2
50.4     2
50.5     2
50.5     3
50.5     3
50.5     3
50.5     3
50.6     2
50.6     1
50.6     0
50.6     0
50.6     0
50.7     0
50.7     1
50.7     1
50.7     1
50.7     1
50.8     1
50.8     1
50.8     1
50.8     1
50.8     1
50.9     1
50.9     1
50.9     0
50.9     0
50.9     0
51.0     0
51.0     1
51.0     1
51.0     1
51.0     1
51.1     1
51.1     2
51.1     2
51.1     2
51.1     3
51.2     3
51.2     3
51.2     4
51.2     4
51.2     4
51.3     4
51.3     4
51.3     3
51.3     2
51.3     1
51.4     1
51.4     1
51.4     1
51.4     1
51.4     0
51.5     0
51.5     0
51.5     0
51.5     1
51.5     1
51.6     1
51.6     1
51.6     1
51.6     1
51.6     1
51.7     1
51.7     1
51.7     2
51.7     2
51.7     2
51.8     2
51.8     1
51.8     1
51.8     0
51.8     0
51.9     0
51.9     1
51.9     1
51.9     2
51.9     2
52.0     2
52.0     2
52.0     2
52.0     2
52.0     2
52.1     1
52.1     1
52.1     1
52.1     1
52.1     1
52.2     1
52.2     0
52.2     0
52.2     0
52.2     0
52.3     0
52.3     0
52.3     0
52.3     0
52.3     1
52.4     1
52.4     2
52.4     2
52.4     2
52.4     1
52.5     1
52.5     1
52.5     1
52.5     2
52.5     2
52.6     3
52.6     3
52.6     3
52.6     3
52.6     2
52.7     1
52.7     0
52.7     0
52.7     0
52.7     0
52.8     0
52.8     0
52.8     1
52.8     1
52.8     1
52.9     1
52.9     1
52.9     1
52.9     1
52.9     1
53.0     1
53.0     2
53.0     2
53.0     3
53.0     3
53.1     3
53.1     2
53.1     2
53.1     1
53.1     0
53.2     0
53.2     0
53.2     0
53.2     0
53.2     1
53.3     2
53.3     2
53.3     3
53.3     3
53.3     2
53.4     2
53.4     2
53.4     1
53.4     1
53.4     2
53.5     2
53.5     3
53.5     4
53.5     5
53.5     5
53.6     4
53.6     3
53.6     2
53.6     1
53.6     1
53.7     1
53.7     2
53.7     3
53.7     4
53.7     4
53.8     4
53.8     3
53.8     2
53.8     2
53.8     1
53.9     1
53.9     1
53.9     1
53.9     1
53.9     0
54.0     0
54.0     0
54.0     0
54.0     1
54.0     1
54.1     2
54.1     3
54.1     3
54.1     3
54.1     3
54.2     2
54.2     2
54.2     1
54.2     0
54.2     0
54.3     0
54.3     1
54.3     1
54.3     2
54.3     3
54.4     3
54.4     3
54.4     2
54.4     1
54.4     1
54.5     0
54.5     0
54.5     0
54.5     0
54.5     1
54.6     1
54.6     2
54.6     3
54.6     4
54.6     4
54.7     4
54.7     4
54.7     4
54.7     3
54.7     3
54.8     2
54.8     2
54.8     2
54.8     3
54.8     3
54.9     4
54.9     5
54.9     5
54.9     5
54.9     5
55.0     4
55.0     3
55.0     3
55.0     2
55.0     1
55.1     1
55.1     1
55.1     2
55.1     2
55.1     2
55.2     2
55.2     2
55.2     2
55.2     3
55.2     3
55.3     3
55.3     3
55.3     2
55.3     2
55.3     2
55.4     1
55.4     1
55.4     1
55.4     1
55.4     1
55.5     2
55.5     3
55.5     4
55.5     4
55.5     4
55.6     4
55.6     3
55.6     2
55.6     1
55.6     1
55.7     1
55.7     1
55.7     2
55.7     2
55.7     3
55.8     3
55.8     3
55.8     4
55.8     4
55.8     4
55.9     4
55.9     3
55.9     3
55.9     3
55.9     2
56.0     2
56.0     1
56.0     1
56.0     1
56.0     0
56.1     0
56.1     0
56.1     0
56.1     1
56.1     1
56.2     1
56.2     2
56.2     3
56.2     4
56.2     5
56.3     5
56.3     5
56.3     4
56.3     2
56.3     1
56.4     0
56.4     0
56.4     0
56.4     1
56.4     2
56.5     4
56.5     5
56.5     5
56.5     5
56.5     4
56.6     3
56.6     2
56.6     1
56.6     1
56.6     1
56.7     1
56.7     2
56.7     2
56.7     2
56.7     3
56.8     4
56.8     5
56.8     6
56.8     6
56.8     6
56.9     5
56.9     4
56.9     3
56.9     3
56.9     3
57.0     4
57.0     5
57.0     6
57.0     6
57.0     6
57.1     6
57.1     6
57.1     5
57.1     5
57.1     5
57.2     6
57.2     7
57.2     8
57.2     8
57.2     8
57.3     7
57.3     7
57.3     7
57.3     7
57.3     8
57.4     8
57.4     8
57.4     7
57.4     7
57.4     6
57.5     5
57.5     4
57.5     3
57.5     2
57.5     2
57.6     2
57.6     2
57.6     3
57.6     3
57.6     3
57.7     3
57.7     3
57.7     4
57.7     4
57.7     4
57.8     3
57.8     3
57.8     2
57.8     2
57.8     2
57.9     2
57.9     2
57.9     2
57.9     2
57.9     1
58.0     1
58.0     1
58.0     1
58.0     1
58.0     1
58.1     1
58.1     1
58.1     1
58.1     1
58.1     1
58.2     1
58.2     2
58.2     2
58.2     3
58.2     3
58.3     4
58.3     4
58.3     3
58.3     3
58.3     3
58.4     3
58.4     3
58.4     3
58.4     2
58.4     2
58.5     2
58.5     1
58.5     1
58.5     2
58.5     2
58.6     2
58.6     3
58.6     3
58.6     3
58.6     3
58.7     2
58.7     2
58.7     1
58.7     1
58.7     2
58.8     2
58.8     3
58.8     3
58.8     3
58.8     3
58.9     2
58.9     2
58.9     1
58.9     1
58.9     2
59.0     2
59.0     3
59.0     4
59.0     5
59.0     5
59.1     4
59.1     3
59.1     2
59.1     1
59.1     0
59.2     0
59.2     0
59.2     0
59.2     1
59.2     2
59.3     2
59.3     3
59.3     3
59.3     3
59.3     3
59.4     2
59.4     2
59.4     1
59.4     1
59.4     1
59.5     0
59.5     0
59.5     0
59.5     1
59.5     2
59.6     3
59.6     4
59.6     5
59.6     5
59.6     5
59.7     4
59.7     4
59.7     3
59.7     3
59.7     3
59.8     3
59.8     3
59.8     3
59.8     3
59.8     3
59.9     2
59.9     2
59.9     2
59.9     1
59.9     1
60.0     1
60.0     2
60.0     2
60.0     3
60.0     3
60.1     3
60.1     3
60.1     2
60.1     2
60.1     1
60.2     0
60.2     0
60.2     0
60.2     0
60.2     1
60.3     1
60.3     1
60.3     1
60.3     1
60.3     1
60.4     1
60.4     1
60.4     1
60.4     1
60.4     1
60.5     1
60.5     1
60.5     1
60.5     2
60.5     2
60.6     2
60.6     2
60.6     2
60.6     2
60.6     3
60.7     3
60.7     3
60.7     3
60.7     3
60.7     2
60.8     1
60.8     1
60.8     0
60.8     0
60.8     0
60.9     0
60.9     1
60.9     1
60.9     1
60.9     2
61.0     2
61.0     2
61.0     1
61.0     1
61.0     0
61.1     0
61.1     0
61.1     0
61.1     1
61.1     1
61.2     2
61.2     2
61.2     2
61.2     1
61.2     1
61.3     1
61.3     1
61.3     2
61.3     2
61.3     2
61.4     2
61.4     1
61.4     1
61.4     1
61.4     0
61.5     0
61.5     0
61.5     0
61.5     1
61.5     1
61.6     2
61.6     2
61.6     3
61.6     3
61.6     3
61.7     2
61.7     1
61.7     1
61.7     0
61.7     0
61.8     0
61.8     0
61.8     1
61.8     1
61.8     1
61.9     1
61.9     1
61.9     1
61.9     1
61.9     1
62.0     1
62.0     1
62.0     1
62.0     1
62.0     1
62.1     1
62.1     1
62.1     2
62.1     2
62.1     2
62.2     2
62.2     2
62.2     2
62.2     2
62.2     2
62.3     1
62.3     1
62.3     1
62.3     1
62.3     1
62.4     1
62.4     2
62.4     3
62.4     3
62.4     4
62.5     4
62.5     5
62.5     5
62.5     6
62.5     6
62.6     6
62.6     6
62.6     6
62.6     6
62.6     6
62.7     6
62.7     6
62.7     7
62.7     8
62.7     9
62.8     9
62.8     9
62.8     9
62.8     9
62.8     9
62.9     9
62.9     9
62.9     9
62.9     8
62.9     8
63.0     7
63.0     5
63.0     4
63.0     4
63.0     3
63.1     3
63.1     4
63.1     4
63.1     4
63.1     4
63.2     4
63.2     4
63.2     4
63.2     3
63.2     3
63.3     2
63.3     1
63.3     1
63.3     1
63.3     1
63.4     2
63.4     2
63.4     2
63.4     2
63.4     2
63.5     2
63.5     1
63.5     1
63.5     1
63.5     1
63.6     1
63.6     2
63.6     3
63.6     3
63.6     4
63.7     4
63.7     3
63.7     2
63.7     2
63.7     1
63.8     1
63.8     1
63.8     1
63.8     1
63.8     1
63.9     1
63.9     1
63.9     1
63.9     1
63.9     2
64.0     2
64.0     2
64.0     2
64.0     2
64.0     2
64.1     3
64.1     3
64.1     3
64.1     3
64.1     3
64.2     3
64.2     2
64.2     2
64.2     2
64.2     2
64.3     2
64.3     2
64.3     2
64.3     2
64.3     2
64.4     2
64.4     2
64.4     2
64.4     2
64.4     2
64.5     2
64.5     3
64.5     3
64.5     2
64.5     2
64.6     1
64.6     1
64.6     1
64.6     2
64.6     3
64.7     4
64.7     4
64.7     4
64.7     3
64.7     2
64.8     1
64.8     1
64.8     1
64.8     1
64.8     1
64.9     2
64.9     3
64.9     3
64.9     4
64.9     4
65.0     4
65.0     3
65.0     3
65.0     3
65.0     3
65.1     3
65.1     3
65.1     3
65.1     3
65.1     2
65.2     2
65.2     2
65.2     3
65.2     3
65.2     4
65.3     4
65.3     4
65.3     3
65.3     2
65.3     2
65.4     2
65.4     3
65.4     3
65.4     3
65.4     4
65.5     4
65.5     3
65.5     3
65.5     2
65.5     2
65.6     1
65.6     1
65.6     1
65.6     2
65.6     2
65.7     2
65.7     2
65.7     2
65.7     1
65.7     1
65.8     1
65.8     1
65.8     2
65.8     3
65.8     4
65.9     5
65.9     5
65.9     4
65.9     4
65.9     3
66.0     2
66.0     2
66.0     2
66.0     1
66.0     1
66.1     1
66.1     1
66.1     2
66.1     2
66.1     2
66.2     2
66.2     2
66.2     2
66.2     2
66.2     2
66.3     2
66.3     2
66.3     2
66.3     2
66.3     2
66.4     2
66.4     2
66.4     2
66.4     2
66.4     2
66.5     2
66.5     3
66.5     4
66.5     5
66.5     5
66.6     5
66.6     5
66.6     4
66.6     4
66.6     4
66.7     3
66.7     3
66.7     2
66.7     1
66.7     1
66.8     1
66.8     1
66.8     1
66.8     1
66.8     1
66.9     1
66.9     1
66.9     1
66.9     1
66.9     1
67.0     1
67.0     1
67.0     1
67.0     1
67.0     1
67.1     1
67.1     2
67.1     3
67.1     3
67.1     4
67.2     4
67.2     3
67.2     3
67.2     3
67.2     3
67.3     3
67.3     3
67.3     3
67.3     2
67.3     2
67.4     1
67.4     1
67.4     1
67.4     1
67.4     2
67.5     2
67.5     2
67.5     2
67.5     2
67.5     1
67.6     1
67.6     1
67.6     1
67.6     1
67.6     1
67.7     1
67.7     1
67.7     1
67.7     1
67.7     1
67.8     1
67.8     1
67.8     1
67.8     0
67.8     0
67.9     0
67.9     0
67.9     0
67.9     0
67.9     0
68.0     0
68.0     0
68.0     1
68.0     1
68.0     2
68.1     2
68.1     2
68.1     2
68.1     2
68.1     2
68.2     2
68.2     2
68.2     2
68.2     2
68.2     2
68.3     2
68.3     2
68.3     1
68.3     1
68.3     1
68.4     1
68.4     1
68.4     1
68.4     1
68.4     1
68.5     2
68.5     2
68.5     2
68.5     1
68.5     1
68.6     1
68.6     1
68.6     1
68.6     1
68.6     1
68.7     1
68.7     1
68.7     1
68.7     0
68.7     0
68.8     0
68.8     1
68.8     1
68.8     1
68.8     1
68.9     1
68.9     1
68.9     1
68.9     1
68.9     2
69.0     2
69.0     2
69.0     1
69.0     1
69.0     1
69.1     1
69.1     1
69.1     1
69.1     1
69.1     0
69.2     0
69.2     0
69.2     0
69.2     1
69.2     2
69.3     2
69.3     3
69.3     3
69.3     3
69.3     2
69.4     2
69.4     1
69.4     1
69.4     1
69.4     1
69.5     2
69.5     3
69.5     3
69.5     3
69.5     3
69.6     2
69.6     2
69.6     1
69.6     1
69.6     1
69.7     1
69.7     2
69.7     2
69.7     2
69.7     2
69.8     2
69.8     2
69.8     1
69.8     1
69.8     1
69.9     1
69.9     1
69.9     1
69.9     1
69.9     1
70.0     1
70.0     1
70.0     2
70.0     2
70.0     2
70.1     2
70.1     2
70.1     2
70.1     2
70.1     2
70.2     1
70.2     1
70.2     1
70.2     2
70.2     2
70.3     2
70.3     2
70.3     1
70.3     1
70.3     1
70.4     1
70.4     1
70.4     1
70.4     1
70.4     1
70.5     1
70.5     1
70.5     1
70.5     2
70.5     3
70.6     4
70.6     4
70.6     4
70.6     4
70.6     4
70.7     3
70.7     3
70.7     2
70.7     2
70.7     1
70.8     1
70.8     1
70.8     2
70.8     2
70.8     3
70.9     3
70.9     3
70.9     3
70.9     3
70.9     2
71.0     2
71.0     2
71.0     2
71.0     2
71.0     2
71.1     2
71.1     1
71.1     1
71.1     1
71.1     1
71.2     1
71.2     2
71.2     2
71.2     3
71.2     3
71.3     3
71.3     4
71.3     4
71.3     5
71.3     5
71.4     5
71.4     4
71.4     3
71.4     2
71.4     2
71.5     2
71.5     2
71.5     2
71.5     3
71.5     3
71.6     3
71.6     2
71.6     2
71.6     1
71.6     1
71.7     1
71.7     1
71.7     1
71.7     1
71.7     1
71.8     2
71.8     2
71.8     2
71.8     2
71.8     2
71.9     2
71.9     2
71.9     2
71.9     2
71.9     2
72.0     1
72.0     1
72.0     1
72.0     1
72.0     1
72.1     1
72.1     1
72.1     1
72.1     1
72.1     1
72.2     1
72.2     1
72.2     2
72.2     2
72.2     2
72.3     2
72.3     2
72.3     2
72.3     2
72.3     2
72.4     2
72.4     2
72.4     2
72.4     2
72.4     2
72.5     2
72.5     1
72.5     1
72.5     1
72.5     1
72.6     1
72.6     1
72.6     2
72.6     2
72.6     2
72.7     3
72.7     3
72.7     3
72.7     2
72.7     1
72.8     1
72.8     1
72.8     2
72.8     2
72.8     2
72.9     2
72.9     1
72.9     1
72.9     2
72.9     2
73.0     3
73.0     3
73.0     2
73.0     2
73.0     1
73.1     1
73.1     1
73.1     1
73.1     1
73.1     1
73.2     1
73.2     1
73.2     1
73.2     1
73.2     2
73.3     2
73.3     2
73.3     3
73.3     3
73.3     2
73.4     2
73.4     2
73.4     1
73.4     1
73.4     1
73.5     1
73.5     2
73.5     2
73.5     2
73.5     3
73.6     3
73.6     3
73.6     2
73.6     2
73.6     2
73.7     1
73.7     1
73.7     1
73.7     1
73.7     2
73.8     2
73.8     2
73.8     2
73.8     2
73.8     2
73.9     2
73.9     2
73.9     2
73.9     1
73.9     1
74.0     1
74.0     1
74.0     2
74.0     2
74.0     3
74.1     3
74.1     3
74.1     3
74.1     3
74.1     3
74.2     3
74.2     3
74.2     3
74.2     2
74.2     1
74.3     1
74.3     0
74.3     0
74.3     0
74.3     0
74.4     0
74.4     0
74.4     1
74.4     2
74.4     3
74.5     3
74.5     4
74.5     4
74.5     4
74.5     4
74.6     3
74.6     3
74.6     3
74.6     2
74.6     2
74.7     1
74.7     1
74.7     0
74.7     0
74.7     0
74.8     1
74.8     2
74.8     2
74.8     3
74.8     4
74.9     4
74.9     4
74.9     4
74.9     4
74.9     4
75.0     5
75.0     5
75.0     4
75.0     4
75.0     3
75.1     3
75.1     3
75.1     3
75.1     2
75.1     2
75.2     2
75.2     1
75.2     1
75.2     0
75.2     0
75.3     0
75.3     0
75.3     1
75.3     2
75.3     3
75.4     4
75.4     5
75.4     5
75.4     6
75.4     6
75.5     6
75.5     5
75.5     3
75.5     2
75.5     1
75.6     1
75.6     1
75.6     1
75.6     1
75.6     1
75.7     1
75.7     1
75.7     1
75.7     1
75.7     1
75.8     2
75.8     2
75.8     3
75.8     4
75.8     4
75.9     4
75.9     4
75.9     3
75.9     3
75.9     3
76.0     3
76.0     3
76.0     3
76.0     2
76.0     2
76.1     2
76.1     2
76.1     2
76.1     2
76.1     3
76.2     3
76.2     4
76.2     4
76.2     3
76.2     2
76.3     1
76.3     0
76.3     0
76.3     0
76.3     0
76.4     1
76.4     1
76.4     1
76.4     1
76.4     1
76.5     1
76.5     2
76.5     2
76.5     3
76.5     3
76.6     3
76.6     3
76.6     2
76.6     2
76.6     2
76.7     2
76.7     2
76.7     2
76.7     1
76.7     1
76.8     1
76.8     0
76.8     0
76.8     1
76.8     1
76.9     2
76.9     3
76.9     3
76.9     3
76.9     3
77.0     2
77.0     2
77.0     2
77.0     2
77.0     2
77.1     1
77.1     1
77.1     1
77.1     0
77.1     0
77.2     1
77.2     1
77.2     1
77.2     2
77.2     2
77.3     2
77.3     3
77.3     3
77.3     3
77.3     3
77.4     2
77.4     2
77.4     1
77.4     1
77.4     1
77.5     1
77.5     1
77.5     1
77.5     1
77.5     1
77.6     2
77.6     2
77.6     2
77.6     2
77.6     2
77.7     2
77.7     2
77.7     2
77.7     2
77.7     2
77.8     2
77.8     3
77.8     3
77.8     3
77.8     2
77.9     1
77.9     1
77.9     1
77.9     2
77.9     2
78.0     2
78.0     2
78.0     2
78.0     2
78.0     2
78.1     2
78.1     2
78.1     2
78.1     2
78.1     1
78.2     1
78.2     1
78.2     1
78.2     1
78.2     1
78.3     1
78.3     1
78.3     1
78.3     1
78.3     1
78.4     1
78.4     2
78.4     2
78.4     2
78.4     2
78.5     2
78.5     2
78.5     2
78.5     2
78.5     2
78.6     2
78.6     2
78.6     1
78.6     1
78.6     1
78.7     1
78.7     1
78.7     1
78.7     2
78.7     2
78.8     2
78.8     2
78.8     2
78.8     2
78.8     2
78.9     2
78.9     2
78.9     2
78.9     2
78.9     2
79.0     2
79.0     2
79.0     2
79.0     3
79.0     3
79.1     3
79.1     2
79.1     2
79.1     2
79.1     1
79.2     1
79.2     1
79.2     0
79.2     0
79.2     0
79.3     0
79.3     0
79.3     1
79.3     1
79.3     2
79.4     2
79.4     3
79.4     4
79.4     4
79.4     4
79.5     3
79.5     3
79.5     3
79.5     3
79.5     3
79.6     4
79.6     4
79.6     4
79.6     3
79.6     3
79.7     2
79.7     2
79.7     2
79.7     2
79.7     2
79.8     2
79.8     1
79.8     1
79.8     1
79.8     1
79.9     1
79.9     1
79.9     1
79.9     1
79.9     1
80.0     1
80.0     1
80.0     2
80.0     2
80.0     2
80.1     2
80.1     2
80.1     2
80.1     3
80.1     3
80.2     4
80.2     4
80.2     3
80.2     3
80.2     3
80.3     3
80.3     3
80.3     3
80.3     3
80.3     2
80.4     2
80.4     2
80.4     2
80.4     3
80.4     3
80.5     3
80.5     3
80.5     2
80.5     2
80.5     1
80.6     1
80.6     1
80.6     1
80.6     2
80.6     2
80.7     2
80.7     2
80.7     1
80.7     1
80.7     1
80.8     1
80.8     1
80.8     2
80.8     2
80.8     3
80.9     3
80.9     3
80.9     3
80.9     3
80.9     3
81.0     4
81.0     4
81.0     4
81.0     3
81.0     2
81.1     2
81.1     1
81.1     1
81.1     1
81.1     1
81.2     1
81.2     0
81.2     0
81.2     0
81.2     0
81.3     0
81.3     1
81.3     1
81.3     2
81.3     3
81.4     3
81.4     3
81.4     3
81.4     2
81.4     2
81.5     2
81.5     2
81.5     3
81.5     3
81.5     3
81.6     3
81.6     3
81.6     3
81.6     3
81.6     3
81.7     3
81.7     2
81.7     2
81.7     2
81.7     1
81.8     1
81.8     1
81.8     2
81.8     2
81.8     2
81.9     2
81.9     2
81.9     2
81.9     2
81.9     2
82.0     2
82.0     2
82.0     2
82.0     3
82.0     3
82.1     2
82.1     2
82.1     1
82.1     1
82.1     1
82.2     1
82.2     1
82.2     1
82.2     1
82.2     1
82.3     1
82.3     1
82.3     1
82.3     1
82.3     1
82.4     1
82.4     1
82.4     2
82.4     2
82.4     3
82.5     3
82.5     4
82.5     4
82.5     4
82.5     3
82.6     3
82.6     2
82.6     2
82.6     2
82.6     2
82.7     1
82.7     1
82.7     0
82.7     0
82.7     0
82.8     0
82.8     0
82.8     0
82.8     0
82.8     0
82.9     0
82.9     1
82.9     1
82.9     2
82.9     2
83.0     2
83.0     3
83.0     3
83.0     2
83.0     2
83.1     2
83.1     1
83.1     1
83.1     1
83.1     1
83.2     1
83.2     1
83.2     1
83.2     1
83.2     1
83.3     1
83.3     1
83.3     1
83.3     1
83.3     1
83.4     1
83.4     1
83.4     1
83.4     1
83.4     1
83.5     1
83.5     2
83.5     2
83.5     3
83.5     3
83.6     3
83.6     2
83.6     2
83.6     1
83.6     1
83.7     1
83.7     2
83.7     2
83.7     2
83.7     2
83.8     2
83.8     1
83.8     1
83.8     0
83.8     0
83.9     0
83.9     0
83.9     0
83.9     0
83.9     0
84.0     0
84.0     0
84.0     0
84.0     1
84.0     1
84.1     1
84.1     1
84.1     2
84.1     2
84.1     3
84.2     3
84.2     3
84.2     2
84.2     2
84.2     1
84.3     1
84.3     1
84.3     1
84.3     1
84.3     1
84.4     0
84.4     0
84.4     0
84.4     0
84.4     0
84.5     0
84.5     0
84.5     1
84.5     1
84.5     1
84.6     1
84.6     1
84.6     1
84.6     1
84.6     1
84.7     1
84.7     1
84.7     0
84.7     0
84.7     0
84.8     0
84.8     0
84.8     0
84.8     0
84.8     0
84.9     0
84.9     0
84.9     1
84.9     1
84.9     1
85.0     1
85.0     1
85.0     1
85.0     0
85.0     0
85.1     0
85.1     0
85.1     0
85.1     1
85.1     1
85.2     1
85.2     1
85.2     1
85.2     1
85.2     1
85.3     1
85.3     1
85.3     1
85.3     1
85.3     2
85.4     2
85.4     2
85.4     2
85.4     1
85.4     1
85.5     1
85.5     1
85.5     2
85.5     2
85.5     2
85.6     2
85.6     2
85.6     2
85.6     2
85.6     1
85.7     1
85.7     1
85.7     1
85.7     1
85.7     1
85.8     1
85.8     1
85.8     1
85.8     1
85.8     1
85.9     1
85.9     1
85.9     2
85.9     2
85.9     2
86.0     2
86.0     2
86.0     2
86.0     2
86.0     2
86.1     2
86.1     2
86.1     2
86.1     2
86.1     2
86.2     2
86.2     2
86.2     1
86.2     1
86.2     0
86.3     0
86.3     0
86.3     1
86.3     1
86.3     2
86.4     2
86.4     1
86.4     1
86.4     1
86.4     1
86.5     1
86.5     2
86.5     2
86.5     3
86.5     3
86.6     3
86.6     2
86.6     1
86.6     1
86.6     1
86.7     2
86.7     2
86.7     2
86.7     2
86.7     2
86.8     1
86.8     1
86.8     1
86.8     1
86.8     2
86.9     2
86.9     2
86.9     2
86.9     2
86.9     2
87.0     2
87.0     3
87.0     3
87.0     3
87.0     3
87.1     2
87.1     2
87.1     1
87.1     1
87.1     1
87.2     1
87.2     1
87.2     1
87.2     1
87.2     0
87.3     0
87.3     0
87.3     1
87.3     2
87.3     3
87.4     3
87.4     2
87.4     1
87.4     0
87.4     0
87.5     0
87.5     0
87.5     0
87.5     0
87.5     1
87.6     1
87.6     1
87.6     2
87.6     2
87.6     2
87.7     2
87.7     2
87.7     2
87.7     2
87.7     1
87.8     1
87.8     1
87.8     1
87.8     1
87.8     1
87.9     1
87.9     1
87.9     1
87.9     1
87.9     1
88.0     1
88.0     1
88.0     1
88.0     1
88.0     1
88.1     1
88.1     1
88.1     2
88.1     2
88.1     2
88.2     2
88.2     2
88.2     2
88.2     3
88.2     3
88.3     3
88.3     3
88.3     3
88.3     2
88.3     2
88.4     2
88.4     2
88.4     2
88.4     2
88.4     1
88.5     1
88.5     1
88.5     1
88.5     1
88.5     2
88.6     2
88.6     2
88.6     2
88.6     1
88.6     1
88.7     1
88.7     1
88.7     2
88.7     2
88.7     2
88.8     2
88.8     2
88.8     1
88.8     1
88.8     1
88.9     1
88.9     2
88.9     2
88.9     2
88.9     2
89.0     1
89.0     1
89.0     1
89.0     1
89.0     2
89.1     2
89.1     2
89.1     3
89.1     3
89.1     3
89.2     3
89.2     2
89.2     2
89.2     1
89.2     1
89.3     1
89.3     1
89.3     1
89.3     1
89.3     1
89.4     1
89.4     1
89.4     1
89.4     1
89.4     1
89.5     0
89.5     0
89.5     1
89.5     1
89.5     2
89.6     3
89.6     3
89.6     3
89.6     3
89.6     3
89.7     3
89.7     3
89.7     3
89.7     2
89.7     2
89.8     2
89.8     1
89.8     1
89.8     1
89.8     1
89.9     1
89.9     1
89.9     1
89.9     1
89.9     1
90.0     1
