XN7
10.0     0
10.0     0
10.0     0
10.0     0
10.0     0
10.1     0
10.1     1
10.1     1
10.1     1
10.1     1
10.2     1
10.2     2
10.2     2
10.2     2
10.2     2
10.3     2
10.3     1
10.3     1
10.3     0
10.3     0
10.4     0
10.4     1
10.4     1
10.4     1
10.4     1
10.5     1
10.5     2
10.5     2
10.5     2
10.5     2
10.6     1
10.6     1
10.6     1
10.6     1
10.6     1
10.7     1
10.7     2
10.7     2
10.7     3
10.7     3
10.8     2
10.8     2
10.8     1
10.8     1
10.8     0
10.9     0
10.9     0
10.9     1
10.9     1
10.9     2
11.0     2
11.0     2
11.0     2
11.0     2
11.0     2
11.1     2
11.1     2
11.1     2
11.1     2
11.1     2
11.2     2
11.2     2
11.2     2
11.2     2
11.2     2
11.3     2
11.3     2
11.3     1
11.3     1
11.3     1
11.4     1
11.4     2
11.4     2
11.4     2
11.4     2
11.5     1
11.5     1
11.5     1
11.5     2
11.5     2
11.6     3
11.6     3
11.6     3
11.6     3
11.6     2
11.7     2
11.7     2
11.7     2
11.7     2
11.7     1
11.8     1
11.8     1
11.8     1
11.8     1
11.8     2
11.9     2
11.9     3
11.9     3
11.9     3
11.9     3
12.0     2
12.0     2
12.0     2
12.0     2
12.0     1
12.1     1
12.1     1
12.1     0
12.1     0
12.1     0
12.2     1
12.2     2
12.2     2
12.2     2
12.2     2
12.3     1
12.3     1
12.3     1
12.3     2
12.3     2
12.4     2
12.4     2
12.4     1
12.4     1
12.4     1
12.5     1
12.5     2
12.5     2
12.5     2
12.5     3
12.6     3
12.6     3
12.6     2
12.6     2
12.6     1
12.7     1
12.7     1
12.7     2
12.7     2
12.7     2
12.8     3
12.8     3
12.8     3
12.8     3
12.8     3
12.9     2
12.9     2
12.9     2
12.9     2
12.9     2
13.0     2
13.0     3
13.0     3
13.0     2
13.0     2
13.1     1
13.1     1
13.1     0
13.1     0
13.1     0
13.2     0
13.2     0
13.2     0
13.2     0
13.2     0
13.3     0
13.3     0
13.3     0
13.3     1
13.3     1
13.4     1
13.4     1
13.4     2
13.4     2
13.4     2
13.5     2
13.5     2
13.5     2
13.5     2
13.5     2
13.6     2
13.6     2
13.6     3
13.6     3
13.6     3
13.7     3
13.7     2
13.7     2
13.7     2
13.7     2
13.8     3
13.8     3
13.8     3
13.8     3
13.8     3
13.9     2
13.9     2
13.9     2
13.9     2
13.9     2
14.0     2
14.0     2
14.0     2
14.0     2
14.0     3
14.1     3
14.1     3
14.1     3
14.1     3
14.1     3
14.2     3
14.2     3
14.2     3
14.2     3
14.2     4
14.3     4
14.3     4
14.3     4
14.3     3
14.3     3
14.4     2
14.4     2
14.4     2
14.4     2
14.4     2
14.5     3
14.5     3
14.5     4
14.5     4
14.5     4
14.6     3
14.6     2
14.6     2
14.6     2
14.6     2
14.7     3
14.7     3
14.7     4
14.7     4
14.7     4
14.8     4
14.8     4
14.8     4
14.8     4
14.8     4
14.9     4
14.9     4
14.9     4
14.9     4
14.9     4
15.0     4
15.0     4
15.0     5
15.0     5
15.0     5
15.1     5
15.1     5
15.1     5
15.1     5
15.1     4
15.2     3
15.2     2
15.2     2
15.2     2
15.2     3
15.3     4
15.3     5
15.3     5
15.3     5
15.3     4
15.4     3
15.4     2
15.4     2
15.4     2
15.4     2
15.5     2
15.5     2
15.5     2
15.5     2
15.5     3
15.6     3
15.6     4
15.6     4
15.6     4
15.6     3
15.7     3
15.7     2
15.7     2
15.7     2
15.7     2
15.8     2
15.8     2
15.8     2
15.8     2
15.8     2
15.9     2
15.9     2
15.9     2
15.9     3
15.9     3
16.0     3
16.0     3
16.0     3
16.0     2
16.0     2
16.1     2
16.1     2
16.1     2
16.1     2
16.1     1
16.2     1
16.2     1
16.2     1
16.2     1
16.2     2
16.3     2
16.3     2
16.3     2
16.3     2
16.3     2
16.4     2
16.4     2
16.4     3
16.4     3
16.4     3
16.5     3
16.5     3
16.5     4
16.5     4
16.5     4
16.6     3
16.6     3
16.6     2
16.6     2
16.6     1
16.7     1
16.7     1
16.7     1
16.7     1
16.7     0
16.8     0
16.8     0
16.8     1
16.8     1
16.8     2
16.9     3
16.9     3
16.9     3
16.9     3
16.9     2
17.0     2
17.0     2
17.0     2
17.0     2
17.0     2
17.1     1
17.1     1
17.1     0
17.1     0
17.1     1
17.2     1
17.2     2
17.2     3
17.2     4
17.2     5
17.3     5
17.3     5
17.3     4
17.3     3
17.3     2
17.4     1
17.4     0
17.4     0
17.4     0
17.4     0
17.5     0
17.5     0
17.5     1
17.5     2
17.5     3
17.6     3
17.6     3
17.6     3
17.6     3
17.6     3
17.7     3
17.7     4
17.7     4
17.7     4
17.7     4
17.8     3
17.8     3
17.8     2
17.8     2
17.8     2
17.9     2
17.9     3
17.9     3
17.9     3
17.9     3
18.0     3
18.0     2
18.0     2
18.0     1
18.0     1
18.1     0
18.1     0
18.1     1
18.1     1
18.1     1
18.2     1
18.2     1
18.2     2
18.2     2
18.2     3
18.3     3
18.3     3
18.3     3
18.3     2
18.3     2
18.4     1
18.4     1
18.4     1
18.4     1
18.4     2
18.5     3
18.5     4
18.5     4
18.5     4
18.5     4
18.6     3
18.6     3
18.6     3
18.6     3
18.6     3
18.7     3
18.7     3
18.7     3
18.7     3
18.7     4
18.8     4
18.8     4
18.8     4
18.8     4
18.8     3
18.9     2
18.9     2
18.9     1
18.9     0
18.9     0
19.0     0
19.0     0
19.0     1
19.0     2
19.0     3
19.1     4
19.1     4
19.1     4
19.1     4
19.1     3
19.2     3
19.2     2
19.2     2
19.2     2
19.2     2
19.3     2
19.3     2
19.3     2
19.3     3
19.3     3
19.4     4
19.4     4
19.4     4
19.4     4
19.4     3
19.5     3
19.5     2
19.5     2
19.5     2
19.5     3
19.6     4
19.6     6
19.6     7
19.6     8
19.6     9
19.7     9
19.7     9
19.7     8
19.7     7
19.7     6
19.8     5
19.8     4
19.8     4
19.8     4
19.8     4
19.9     4
19.9     5
19.9     5
19.9     5
19.9     4
20.0     3
20.0     3
20.0     3
20.0     4
20.0     5
20.1     6
20.1     7
20.1     8
20.1     8
20.1     8
20.2     8
20.2     7
20.2     7
20.2     6
20.2     5
20.3     5
20.3     5
20.3     5
20.3     6
20.3     6
20.4     6
20.4     6
20.4     6
20.4     7
20.4     7
20.5     6
20.5     6
20.5     5
20.5     5
20.5     5
20.6     6
20.6     7
20.6     8
20.6     9
20.6     9
20.7     8
20.7     7
20.7     6
20.7     5
20.7     4
20.8     4
20.8     3
20.8     2
20.8     2
20.8     2
20.9     3
20.9     4
20.9     5
20.9     6
20.9     7
21.0     7
21.0     6
21.0     6
21.0     5
21.0     5
21.1     5
21.1     5
21.1     6
21.1     6
21.1     6
21.2     6
21.2     6
21.2     5
21.2     5
21.2     6
21.3     6
21.3     7
21.3     8
21.3     8
21.3     7
21.4     6
21.4     5
21.4     4
21.4     4
21.4     5
21.5     6
21.5     7
21.5     8
21.5     8
21.5     8
21.6     7
21.6     7
21.6     6
21.6     6
21.6     5
21.7     5
21.7     4
21.7     4
21.7     5
21.7     6
21.8     7
21.8     9
21.8     10
21.8     10
21.8     9
21.9     7
21.9     5
21.9     4
21.9     4
21.9     5
22.0     7
22.0     9
22.0     10
22.0     10
22.0     9
22.1     8
22.1     6
22.1     4
22.1     3
22.1     3
22.2     3
22.2     4
22.2     5
22.2     5
22.2     5
22.3     5
22.3     4
22.3     4
22.3     4
22.3     5
22.4     6
22.4     7
22.4     7
22.4     7
22.4     7
22.5     6
22.5     6
22.5     6
22.5     7
22.5     7
22.6     7
22.6     7
22.6     6
22.6     5
22.6     4
22.7     4
22.7     4
22.7     4
22.7     5
22.7     5
22.8     6
22.8     7
22.8     7
22.8     8
22.8     9
22.9     9
22.9     8
22.9     7
22.9     6
22.9     5
23.0     4
23.0     4
23.0     4
23.0     4
23.0     4
23.1     5
23.1     5
23.1     5
23.1     5
23.1     5
23.2     5
23.2     4
23.2     4
23.2     4
23.2     4
23.3     4
23.3     4
23.3     4
23.3     4
23.3     4
23.4     4
23.4     4
23.4     4
23.4     5
23.4     5
23.5     5
23.5     4
23.5     4
23.5     4
23.5     4
23.6     4
23.6     4
23.6     4
23.6     4
23.6     4
23.7     4
23.7     4
23.7     4
23.7     4
23.7     4
23.8     3
23.8     3
23.8     2
23.8     2
23.8     2
23.9     3
23.9     4
23.9     4
23.9     4
23.9     4
24.0     3
24.0     2
24.0     1
24.0     1
24.0     1
24.1     2
24.1     3
24.1     4
24.1     4
24.1     4
24.2     3
24.2     2
24.2     1
24.2     0
24.2     0
24.3     0
24.3     1
24.3     2
24.3     4
24.3     5
24.4     5
24.4     5
24.4     5
24.4     4
24.4     3
24.5     3
24.5     2
24.5     2
24.5     2
24.5     3
24.6     4
24.6     5
24.6     5
24.6     5
24.6     5
24.7     4
24.7     4
24.7     3
24.7     3
24.7     3
24.8     4
24.8     4
24.8     4
24.8     4
24.8     4
24.9     3
24.9     3
24.9     2
24.9     2
24.9     2
25.0     2
25.0     3
25.0     3
25.0     3
25.0     3
25.1     3
25.1     3
25.1     3
25.1     4
25.1     4
25.2     5
25.2     5
25.2     5
25.2     5
25.2     4
25.3     3
25.3     2
25.3     1
25.3     1
25.3     2
25.4     3
25.4     5
25.4     6
25.4     6
25.4     6
25.5     5
25.5     4
25.5     3
25.5     3
25.5     3
25.6     3
25.6     3
25.6     4
25.6     4
25.6     4
25.7     4
25.7     4
25.7     4
25.7     4
25.7     4
25.8     4
25.8     4
25.8     4
25.8     3
25.8     3
25.9     3
25.9     4
25.9     4
25.9     5
25.9     5
26.0     4
26.0     3
26.0     2
26.0     1
26.0     1
26.1     1
26.1     2
26.1     3
26.1     3
26.1     4
26.2     5
26.2     5
26.2     5
26.2     5
26.2     5
26.3     5
26.3     4
26.3     4
26.3     3
26.3     3
26.4     3
26.4     2
26.4     2
26.4     2
26.4     1
26.5     1
26.5     1
26.5     0
26.5     0
26.5     0
26.6     0
26.6     1
26.6     1
26.6     2
26.6     2
26.7     3
26.7     3
26.7     4
26.7     4
26.7     4
26.8     4
26.8     4
26.8     4
26.8     3
26.8     3
26.9     3
26.9     3
26.9     4
26.9     5
26.9     6
27.0     7
27.0     7
27.0     6
27.0     5
27.0     4
27.1     3
27.1     2
27.1     2
27.1     3
27.1     3
27.2     4
27.2     4
27.2     3
27.2     3
27.2     2
27.3     2
27.3     1
27.3     1
27.3     1
27.3     2
27.4     3
27.4     4
27.4     5
27.4     6
27.4     7
27.5     8
27.5     8
27.5     8
27.5     7
27.5     6
27.6     5
27.6     4
27.6     4
27.6     4
27.6     4
27.7     4
27.7     3
27.7     3
27.7     2
27.7     2
27.8     2
27.8     3
27.8     4
27.8     5
27.8     6
27.9     6
27.9     6
27.9     5
27.9     4
27.9     3
28.0     3
28.0     3
28.0     3
28.0     3
28.0     3
28.1     3
28.1     3
28.1     3
28.1     2
28.1     2
28.2     2
28.2     3
28.2     3
28.2     4
28.2     4
28.3     4
28.3     4
28.3     4
28.3     4
28.3     5
28.4     6
28.4     7
28.4     8
28.4     8
28.4     7
28.5     6
28.5     5
28.5     4
28.5     4
28.5     4
28.6     4
28.6     4
28.6     4
28.6     3
28.6     3
28.7     2
28.7     2
28.7     2
28.7     3
28.7     5
28.8     6
28.8     7
28.8     7
28.8     7
28.8     6
28.9     4
28.9     3
28.9     2
28.9     2
28.9     3
29.0     3
29.0     4
29.0     4
29.0     3
29.0     3
29.1     3
29.1     3
29.1     3
29.1     2
29.1     2
29.2     2
29.2     2
29.2     2
29.2     2
29.2     3
29.3     4
29.3     5
29.3     5
29.3     5
29.3     4
29.4     3
29.4     2
29.4     2
29.4     2
29.4     3
29.5     4
29.5     4
29.5     4
29.5     3
29.5     2
29.6     2
29.6     2
29.6     3
29.6     3
29.6     3
29.7     3
29.7     3
29.7     3
29.7     2
29.7     2
29.8     2
29.8     2
29.8     2
29.8     3
29.8     3
29.9     4
29.9     4
29.9     4
29.9     3
29.9     2
30.0     1
30.0     1
30.0     1
30.0     2
30.0     3
30.1     5
30.1     6
30.1     6
30.1     6
30.1     5
30.2     4
30.2     3
30.2     3
30.2     4
30.2     5
30.3     7
30.3     8
30.3     9
30.3     9
30.3     9
30.4     8
30.4     7
30.4     7
30.4     6
30.4     5
30.5     5
30.5     4
30.5     3
30.5     3
30.5     3
30.6     4
30.6     5
30.6     5
30.6     5
30.6     5
30.7     4
30.7     3
30.7     2
30.7     2
30.7     3
30.8     4
30.8     5
30.8     5
30.8     5
30.8     4
30.9     2
30.9     1
30.9     1
30.9     1
30.9     2
31.0     4
31.0     5
31.0     6
31.0     6
31.0     5
31.1     4
31.1     4
31.1     3
31.1     3
31.1     3
31.2     3
31.2     3
31.2     4
31.2     5
31.2     6
31.3     6
31.3     6
31.3     6
31.3     5
31.3     5
31.4     5
31.4     4
31.4     4
31.4     4
31.4     3
31.5     3
31.5     2
31.5     2
31.5     2
31.5     3
31.6     4
31.6     5
31.6     6
31.6     6
31.6     5
31.7     4
31.7     3
31.7     3
31.7     3
31.7     4
31.8     5
31.8     6
31.8     6
31.8     6
31.8     5
31.9     4
31.9     3
31.9     2
31.9     1
31.9     1
32.0     1
32.0     1
32.0     1
32.0     2
32.0     2
32.1     2
32.1     3
32.1     3
32.1     3
32.1     4
32.2     4
32.2     5
32.2     6
32.2     6
32.2     5
32.3     4
32.3     3
32.3     2
32.3     2
32.3     3
32.4     4
32.4     5
32.4     5
32.4     5
32.4     5
32.5     4
32.5     4
32.5     3
32.5     3
32.5     2
32.6     1
32.6     1
32.6     1
32.6     2
32.6     4
32.7     5
32.7     6
32.7     6
32.7     5
32.7     4
32.8     4
32.8     3
32.8     3
32.8     3
32.8     4
32.9     4
32.9     4
32.9     4
32.9     4
32.9     4
33.0     4
33.0     3
33.0     3
33.0     2
33.0     2
33.1     2
33.1     2
33.1     3
33.1     4
33.1     5
33.2     5
33.2     5
33.2     5
33.2     5
33.2     5
33.3     5
33.3     5
33.3     4
33.3     3
33.3     2
33.4     1
33.4     1
33.4     1
33.4     2
33.4     3
33.5     4
33.5     4
33.5     4
33.5     4
33.5     4
33.6     5
33.6     5
33.6     5
33.6     5
33.6     4
33.7     3
33.7     2
33.7     2
33.7     3
33.7     4
33.8     5
33.8     6
33.8     6
33.8     5
33.8     5
33.9     4
33.9     4
33.9     4
33.9     4
33.9     4
34.0     4
34.0     4
34.0     4
34.0     4
34.0     4
34.1     4
34.1     4
34.1     4
34.1     4
34.1     3
34.2     3
34.2     2
34.2     2
34.2     2
34.2     2
34.3     3
34.3     4
34.3     5
34.3     5
34.3     5
34.4     5
34.4     4
34.4     3
34.4     3
34.4     3
34.5     4
34.5     5
34.5     6
34.5     6
34.5     6
34.6     6
34.6     5
34.6     4
34.6     3
34.6     2
34.7     2
34.7     3
34.7     4
34.7     5
34.7     5
34.8     5
34.8     4
34.8     3
34.8     3
34.8     3
34.9     3
34.9     4
34.9     4
34.9     5
34.9     5
35.0     4
35.0     3
35.0     2
35.0     1
35.0     1
35.1     1
35.1     2
35.1     2
35.1     3
35.1     4
35.2     4
35.2     4
35.2     4
35.2     4
35.2     4
35.3     4
35.3     5
35.3     6
35.3     7
35.3     8
35.4     8
35.4     9
35.4     9
35.4     10
35.4     11
35.5     13
35.5     15
35.5     17
35.5     18
35.5     19
35.6     19
35.6     18
35.6     18
35.6     17
35.6     16
35.7     16
35.7     15
35.7     14
35.7     13
35.7     11
35.8     10
35.8     9
35.8     9
35.8     9
35.8     10
35.9     10
35.9     10
35.9     9
35.9     7
35.9     5
36.0     4
36.0     3
36.0     3
36.0     3
36.0     4
36.1     4
36.1     4
36.1     4
36.1     3
36.1     2
36.2     1
36.2     1
36.2     1
36.2     2
36.2     3
36.3     4
36.3     4
36.3     4
36.3     4
36.3     3
36.4     3
36.4     3
36.4     3
36.4     4
36.4     4
36.5     4
36.5     4
36.5     3
36.5     2
36.5     1
36.6     1
36.6     1
36.6     2
36.6     2
36.6     3
36.7     3
36.7     3
36.7     3
36.7     3
36.7     2
36.8     2
36.8     2
36.8     1
36.8     1
36.8     1
36.9     2
36.9     2
36.9     3
36.9     3
36.9     3
37.0     2
37.0     2
37.0     2
37.0     3
37.0     3
37.1     4
37.1     5
37.1     5
37.1     5
37.1     5
37.2     4
37.2     4
37.2     4
37.2     4
37.2     3
37.3     3
37.3     3
37.3     3
37.3     3
37.3     3
37.4     3
37.4     4
37.4     4
37.4     5
37.4     6
37.5     6
37.5     6
37.5     5
37.5     3
37.5     2
37.6     2
37.6     2
37.6     3
37.6     5
37.6     6
37.7     6
37.7     6
37.7     5
37.7     3
37.7     2
37.8     1
37.8     1
37.8     1
37.8     2
37.8     2
37.9     3
37.9     3
37.9     3
37.9     3
37.9     3
38.0     4
38.0     4
38.0     5
38.0     5
38.0     5
38.1     5
38.1     4
38.1     3
38.1     3
38.1     2
38.2     2
38.2     2
38.2     3
38.2     4
38.2     4
38.3     5
38.3     6
38.3     7
38.3     7
38.3     6
38.4     5
38.4     3
38.4     2
38.4     1
38.4     1
38.5     2
38.5     2
38.5     3
38.5     4
38.5     4
38.6     4
38.6     4
38.6     4
38.6     4
38.6     4
38.7     3
38.7     3
38.7     2
38.7     2
38.7     1
38.8     1
38.8     1
38.8     1
38.8     2
38.8     2
38.9     3
38.9     3
38.9     3
38.9     3
38.9     3
39.0     3
39.0     3
39.0     3
39.0     3
39.0     3
39.1     3
39.1     3
39.1     3
39.1     3
39.1     2
39.2     2
39.2     2
39.2     2
39.2     2
39.2     3
39.3     4
39.3     5
39.3     5
39.3     5
39.3     4
39.4     3
39.4     2
39.4     2
39.4     2
39.4     2
39.5     2
39.5     2
39.5     1
39.5     1
39.5     0
39.6     0
39.6     1
39.6     1
39.6     2
39.6     3
39.7     3
39.7     3
39.7     3
39.7     2
39.7     2
39.8     1
39.8     0
39.8     0
39.8     0
39.8     1
39.9     1
39.9     2
39.9     3
39.9     3
39.9     3
40.0     2
40.0     2
40.0     1
40.0     1
40.0     2
40.1     2
40.1     3
40.1     3
40.1     3
40.1     2
40.2     2
40.2     1
40.2     1
40.2     1
40.2     1
40.3     1
40.3     1
40.3     1
40.3     1
40.3     1
40.4     2
40.4     2
40.4     2
40.4     2
40.4     2
40.5     1
40.5     1
40.5     1
40.5     2
40.5     2
40.6     2
40.6     2
40.6     2
40.6     1
40.6     1
40.7     1
40.7     1
40.7     1
40.7     2
40.7     2
40.8     2
40.8     3
40.8     3
40.8     3
40.8     3
40.9     2
40.9     1
40.9     1
40.9     0
40.9     0
41.0     0
41.0     0
41.0     0
41.0     1
41.0     1
41.1     1
41.1     1
41.1     1
41.1     1
41.1     2
41.2     2
41.2     2
41.2     1
41.2     1
41.2     0
41.3     0
41.3     0
41.3     1
41.3     1
41.3     2
41.4     2
41.4     2
41.4     1
41.4     1
41.4     1
41.5     1
41.5     1
41.5     2
41.5     3
41.5     4
41.6     4
41.6     4
41.6     3
41.6     2
41.6     1
41.7     0
41.7     0
41.7     1
41.7     2
41.7     3
41.8     4
41.8     4
41.8     3
41.8     3
41.8     2
41.9     2
41.9     1
41.9     1
41.9     0
41.9     0
42.0     0
42.0     0
42.0     1
42.0     1
42.0     2
42.1     2
42.1     2
42.1     2
42.1     1
42.1     1
42.2     1
42.2     2
42.2     2
42.2     2
42.2     2
42.3     2
42.3     1
42.3     1
42.3     1
42.3     1
42.4     1
42.4     1
42.4     1
42.4     1
42.4     1
42.5     2
42.5     2
42.5     3
42.5     3
42.5     3
42.6     3
42.6     3
42.6     2
42.6     2
42.6     2
42.7     2
42.7     2
42.7     2
42.7     2
42.7     3
42.8     3
42.8     3
42.8     4
42.8     4
42.8     5
42.9     5
42.9     4
42.9     3
42.9     2
42.9     1
43.0     1
43.0     1
43.0     1
43.0     1
43.0     2
43.1     3
43.1     5
43.1     6
43.1     7
43.1     8
43.2     8
43.2     7
43.2     6
43.2     6
43.2     5
43.3     4
43.3     4
43.3     4
43.3     5
43.3     5
43.4     6
43.4     6
43.4     7
43.4     7
43.4     7
43.5     6
43.5     5
43.5     3
43.5     2
43.5     1
43.6     1
43.6     2
43.6     2
43.6     3
43.6     4
43.7     4
43.7     4
43.7     3
43.7     2
43.7     1
43.8     1
43.8     2
43.8     3
43.8     4
43.8     5
43.9     5
43.9     4
43.9     3
43.9     2
43.9     2
44.0     2
44.0     3
44.0     3
44.0     3
44.0     2
44.1     2
44.1     2
44.1     2
44.1     2
44.1     2
44.2     2
44.2     2
44.2     2
44.2     2
44.2     2
44.3     2
44.3     2
44.3     2
44.3     3
44.3     3
44.4     3
44.4     4
44.4     4
44.4     4
44.4     4
44.5     3
44.5     3
44.5     2
44.5     2
44.5     2
44.6     1
44.6     1
44.6     1
44.6     1
44.6     2
44.7     3
44.7     3
44.7     3
44.7     2
44.7     2
44.8     1
44.8     1
44.8     1
44.8     2
44.8     3
44.9     3
44.9     3
44.9     3
44.9     2
44.9     2
45.0     1
45.0     1
45.0     1
45.0     1
45.0     1
45.1     2
45.1     2
45.1     2
45.1     2
45.1     1
45.2     1
45.2     1
45.2     1
45.2     2
45.2     3
45.3     4
45.3     5
45.3     5
45.3     4
45.3     3
45.4     2
45.4     1
45.4     1
45.4     2
45.4     3
45.5     4
45.5     4
45.5     4
45.5     3
45.5     3
45.6     3
45.6     3
45.6     3
45.6     3
45.6     3
45.7     2
45.7     2
45.7     1
45.7     1
45.7     1
45.8     1
45.8     2
45.8     2
45.8     3
45.8     3
45.9     3
45.9     2
45.9     1
45.9     1
45.9     0
46.0     0
46.0     1
46.0     2
46.0     4
46.0     5
46.1     6
46.1     6
46.1     6
46.1     5
46.1     4
46.2     3
46.2     3
46.2     3
46.2     3
46.2     3
46.3     3
46.3     3
46.3     3
46.3     3
46.3     3
46.4     3
46.4     4
46.4     4
46.4     4
46.4     4
46.5     3
46.5     2
46.5     1
46.5     1
46.5     1
46.6     1
46.6     2
46.6     2
46.6     3
46.6     4
46.7     4
46.7     5
46.7     5
46.7     4
46.7     3
46.8     2
46.8     1
46.8     1
46.8     1
46.8     1
46.9     2
46.9     3
46.9     4
46.9     4
46.9     4
47.0     4
47.0     3
47.0     2
47.0     2
47.0     2
47.1     3
47.1     3
47.1     3
47.1     3
47.1     3
47.2     2
47.2     2
47.2     2
47.2     2
47.2     2
47.3     3
47.3     3
47.3     4
47.3     4
47.3     3
47.4     3
47.4     2
47.4     2
47.4     2
47.4     3
47.5     3
47.5     4
47.5     4
47.5     4
47.5     3
47.6     3
47.6     2
47.6     1
47.6     1
47.6     1
47.7     2
47.7     3
47.7     4
47.7     5
47.7     5
47.8     5
47.8     4
47.8     3
47.8     2
47.8     2
47.9     2
47.9     2
47.9     3
47.9     3
47.9     3
48.0     3
48.0     3
48.0     2
48.0     1
48.0     1
48.1     0
48.1     0
48.1     1
48.1     2
48.1     3
48.2     4
48.2     4
48.2     4
48.2     4
48.2     3
48.3     3
48.3     3
48.3     3
48.3     3
48.3     3
48.4     3
48.4     3
48.4     3
48.4     3
48.4     2
48.5     2
48.5     1
48.5     0
48.5     0
48.5     1
48.6     2
48.6     4
48.6     5
48.6     6
48.6     6
48.7     6
48.7     5
48.7     3
48.7     2
48.7     1
48.8     1
48.8     1
48.8     2
48.8     2
48.8     2
48.9     2
48.9     1
48.9     1
48.9     1
48.9     1
49.0     1
49.0     1
49.0     0
49.0     0
49.0     0
49.1     0
49.1     0
49.1     1
49.1     2
49.1     2
49.2     3
49.2     3
49.2     3
49.2     3
49.2     3
49.3     2
49.3     2
49.3     2
49.3     2
49.3     2
49.4     2
49.4     2
49.4     2
49.4     2
49.4     2
49.5     2
49.5     1
49.5     1
49.5     1
49.5     1
49.6     2
49.6     2
49.6     3
49.6     3
49.6     2
49.7     2
49.7     1
49.7     1
49.7     1
49.7     1
49.8     1
49.8     2
49.8     2
49.8     2
49.8     1
49.9     1
49.9     0
49.9     0
49.9     0
49.9     0
50.0     0
50.0     0
50.0     0
50.0     0
50.0     0
50.1     1
50.1     1
50.1     1
50.1     1
50.1     1
50.2     2
50.2     2
50.2     2
50.2     3
50.2     3
50.3     3
50.3     3
50.3     2
50.3     2
50.3     2
50.4     1
50.4     1
50.4     1
50.4     0
50.4     0
50.5     1
50.5     1
50.5     2
50.5     2
50.5     3
50.6     3
50.6     3
50.6     3
50.6     2
50.6     2
50.7     2
50.7     1
50.7     1
50.7     2
50.7     2
50.8     3
50.8     3
50.8     4
50.8     4
50.8     4
50.9     4
50.9     3
50.9     3
50.9     3
50.9     2
51.0     2
51.0     1
51.0     0
51.0     0
51.0     0
51.1     1
51.1     1
51.1     1
51.1     1
51.1     1
51.2     2
51.2     2
51.2     3
51.2     3
51.2     4
51.3     4
51.3     4
51.3     4
51.3     4
51.3     4
51.4     4
51.4     4
51.4     4
51.4     4
51.4     4
51.5     3
51.5     3
51.5     2
51.5     2
51.5     1
51.6     1
51.6     0
51.6     0
51.6     1
51.6     1
51.7     2
51.7     3
51.7     4
51.7     5
51.7     5
51.8     5
51.8     4
51.8     3
51.8     2
51.8     1
51.9     1
51.9     2
51.9     3
51.9     4
51.9     5
52.0     5
52.0     5
52.0     4
52.0     4
52.0     3
52.1     2
52.1     2
52.1     2
52.1     2
52.1     3
52.2     3
52.2     2
52.2     2
52.2     1
52.2     1
52.3     1
52.3     1
52.3     1
52.3     1
52.3     2
52.4     3
52.4     4
52.4     4
52.4     4
52.4     3
52.5     2
52.5     1
52.5     1
52.5     1
52.5     1
52.6     1
52.6     1
52.6     1
52.6     2
52.6     2
52.7     3
52.7     3
52.7     3
52.7     2
52.7     1
52.8     1
52.8     0
52.8     0
52.8     0
52.8     1
52.9     1
52.9     2
52.9     3
52.9     4
52.9     5
53.0     6
53.0     6
53.0     6
53.0     5
53.0     4
53.1     2
53.1     1
53.1     1
53.1     1
53.1     1
53.2     2
53.2     3
53.2     4
53.2     5
53.2     5
53.3     5
53.3     5
53.3     5
53.3     5
53.3     4
53.4     3
53.4     3
53.4     2
53.4     2
53.4     2
53.5     2
53.5     2
53.5     2
53.5     2
53.5     2
53.6     3
53.6     3
53.6     4
53.6     5
53.6     5
53.7     5
53.7     4
53.7     3
53.7     3
53.7     3
53.8     3
53.8     4
53.8     5
53.8     5
53.8     6
53.9     6
53.9     5
53.9     5
53.9     5
53.9     4
54.0     4
54.0     3
54.0     2
54.0     2
54.0     2
54.1     2
54.1     2
54.1     2
54.1     2
54.1     3
54.2     4
54.2     5
54.2     5
54.2     5
54.2     5
54.3     4
54.3     3
54.3     2
54.3     2
54.3     1
54.4     1
54.4     1
54.4     2
54.4     2
54.4     3
54.5     3
54.5     3
54.5     3
54.5     2
54.5     2
54.6     2
54.6     2
54.6     2
54.6     2
54.6     2
54.7     2
54.7     2
54.7     2
54.7     2
54.7     2
54.8     2
54.8     2
54.8     3
54.8     4
54.8     4
54.9     5
54.9     5
54.9     5
54.9     5
54.9     4
55.0     4
55.0     4
55.0     3
55.0     3
55.0     3
55.1     2
55.1     2
55.1     2
55.1     2
55.1     2
55.2     2
55.2     3
55.2     3
55.2     3
55.2     3
55.3     3
55.3     3
55.3     3
55.3     3
55.3     2
55.4     2
55.4     2
55.4     2
55.4     2
55.4     2
55.5     2
55.5     2
55.5     2
55.5     2
55.5     2
55.6     3
55.6     3
55.6     3
55.6     3
55.6     2
55.7     2
55.7     1
55.7     1
55.7     1
55.7     1
55.8     1
55.8     2
55.8     3
55.8     4
55.8     4
55.9     4
55.9     3
55.9     2
55.9     2
55.9     1
56.0     1
56.0     2
56.0     2
56.0     2
56.0     2
56.1     1
56.1     1
56.1     1
56.1     1
56.1     1
56.2     2
56.2     3
56.2     4
56.2     5
56.2     5
56.3     4
56.3     4
56.3     3
56.3     2
56.3     2
56.4     2
56.4     2
56.4     2
56.4     2
56.4     1
56.5     1
56.5     1
56.5     0
56.5     0
56.5     0
56.6     1
56.6     1
56.6     2
56.6     3
56.6     3
56.7     3
56.7     3
56.7     3
56.7     2
56.7     2
56.8     1
56.8     1
56.8     1
56.8     1
56.8     2
56.9     2
56.9     3
56.9     3
56.9     3
56.9     3
57.0     3
57.0     3
57.0     4
57.0     4
57.0     4
57.1     4
57.1     4
57.1     5
57.1     5
57.1     5
57.2     6
57.2     6
57.2     7
57.2     7
57.2     7
57.3     7
57.3     6
57.3     5
57.3     4
57.3     4
57.4     4
57.4     4
57.4     4
57.4     4
57.4     4
57.5     4
57.5     3
57.5     3
57.5     3
57.5     4
57.6     4
57.6     4
57.6     4
57.6     3
57.6     2
57.7     1
57.7     0
57.7     0
57.7     0
57.7     0
57.8     1
57.8     1
57.8     2
57.8     2
57.8     2
57.9     2
57.9     2
57.9     2
57.9     2
57.9     2
58.0     3
58.0     3
58.0     4
58.0     4
58.0     4
58.1     3
58.1     2
58.1     1
58.1     0
58.1     0
58.2     0
58.2     1
58.2     1
58.2     1
58.2     2
58.3     2
58.3     2
58.3     2
58.3     2
58.3     3
58.4     3
58.4     3
58.4     3
58.4     3
58.4     2
58.5     2
58.5     1
58.5     1
58.5     1
58.5     1
58.6     1
58.6     2
58.6     2
58.6     3
58.6     3
58.7     3
58.7     3
58.7     2
58.7     2
58.7     2
58.8     1
58.8     1
58.8     1
58.8     1
58.8     1
58.9     1
58.9     1
58.9     2
58.9     2
58.9     2
59.0     2
59.0     2
59.0     2
59.0     1
59.0     1
59.1     1
59.1     1
59.1     2
59.1     2
59.1     3
59.2     3
59.2     3
59.2     2
59.2     1
59.2     1
59.3     1
59.3     1
59.3     2
59.3     2
59.3     2
59.4     2
59.4     2
59.4     3
59.4     3
59.4     3
59.5     2
59.5     2
59.5     1
59.5     1
59.5     1
59.6     1
59.6     2
59.6     3
59.6     3
59.6     3
59.7     2
59.7     2
59.7     1
59.7     1
59.7     1
59.8     1
59.8     2
59.8     2
59.8     2
59.8     2
59.9     2
59.9     2
59.9     2
59.9     2
59.9     2
60.0     2
60.0     2
60.0     3
60.0     3
60.0     4
60.1     4
60.1     4
60.1     3
60.1     2
60.1     2
60.2     2
60.2     2
60.2     3
60.2     3
60.2     3
60.3     2
60.3     2
60.3     1
60.3     1
60.3     1
60.4     1
60.4     1
60.4     2
60.4     2
60.4     3
60.5     4
60.5     4
60.5     4
60.5     4
60.5     3
60.6     3
60.6     2
60.6     2
60.6     2
60.6     2
60.7     2
60.7     2
60.7     2
60.7     3
60.7     3
60.8     3
60.8     4
60.8     4
60.8     4
60.8     4
60.9     4
60.9     4
60.9     4
60.9     4
60.9     4
61.0     3
61.0     3
61.0     2
61.0     2
61.0     2
61.1     2
61.1     2
61.1     3
61.1     4
61.1     5
61.2     5
61.2     5
61.2     4
61.2     3
61.2     2
61.3     1
61.3     1
61.3     1
61.3     1
61.3     1
61.4     2
61.4     3
61.4     3
61.4     4
61.4     4
61.5     4
61.5     4
61.5     4
61.5     4
61.5     4
61.6     4
61.6     4
61.6     4
61.6     4
61.6     4
61.7     4
61.7     4
61.7     4
61.7     4
61.7     4
61.8     4
61.8     4
61.8     3
61.8     3
61.8     3
61.9     3
61.9     2
61.9     2
61.9     2
61.9     2
62.0     2
62.0     2
62.0     3
62.0     3
62.0     3
62.1     3
62.1     3
62.1     2
62.1     2
62.1     2
62.2     3
62.2     3
62.2     3
62.2     2
62.2     2
62.3     2
62.3     2
62.3     2
62.3     2
62.3     3
62.4     3
62.4     3
62.4     3
62.4     4
62.4     4
62.5     4
62.5     5
62.5     5
62.5     5
62.5     6
62.6     7
62.6     7
62.6     8
62.6     8
62.6     8
62.7     8
62.7     8
62.7     8
62.7     8
62.7     7
62.8     6
62.8     5
62.8     4
62.8     4
62.8     4
62.9     4
62.9     5
62.9     5
62.9     5
62.9     5
63.0     5
63.0     5
63.0     5
63.0     5
63.0     5
63.1     5
63.1     4
63.1     4
63.1     3
63.1     2
63.2     2
63.2     1
63.2     1
63.2     1
63.2     1
63.3     1
63.3     1
63.3     1
63.3     1
63.3     2
63.4     2
63.4     3
63.4     3
63.4     3
63.4     2
63.5     2
63.5     1
63.5     1
63.5     1
63.5     1
63.6     1
63.6     1
63.6     2
63.6     2
63.6     2
63.7     2
63.7     3
63.7     3
63.7     3
63.7     3
63.8     2
63.8     1
63.8     1
63.8     0
63.8     0
63.9     0
63.9     0
63.9     0
63.9     0
63.9     0
64.0     0
64.0     1
64.0     2
64.0     3
64.0     3
64.1     3
64.1     2
64.1     1
64.1     0
64.1     0
64.2     0
64.2     0
64.2     0
64.2     0
64.2     1
64.3     1
64.3     2
64.3     2
64.3     2
64.3     2
64.4     2
64.4     2
64.4     2
64.4     2
64.4     2
64.5     2
64.5     2
64.5     1
64.5     1
64.5     1
64.6     1
64.6     0
64.6     0
64.6     0
64.6     0
64.7     1
64.7     2
64.7     3
64.7     5
64.7     6
64.8     6
64.8     6
64.8     5
64.8     4
64.8     3
64.9     2
64.9     1
64.9     1
64.9     0
64.9     0
65.0     1
65.0     1
65.0     1
65.0     2
65.0     2
65.1     2
65.1     2
65.1     2
65.1     2
65.1     2
65.2     2
65.2     2
65.2     3
65.2     3
65.2     4
65.3     4
65.3     4
65.3     5
65.3     5
65.3     5
65.4     5
65.4     4
65.4     4
65.4     3
65.4     2
65.5     1
65.5     1
65.5     1
65.5     1
65.5     1
65.6     1
65.6     1
65.6     1
65.6     1
65.6     1
65.7     1
65.7     1
65.7     2
65.7     2
65.7     2
65.8     3
65.8     3
65.8     3
65.8     3
65.8     3
65.9     3
65.9     3
65.9     3
65.9     3
65.9     2
66.0     2
66.0     2
66.0     1
66.0     1
66.0     0
66.1     0
66.1     0
66.1     1
66.1     1
66.1     2
66.2     3
66.2     4
66.2     4
66.2     4
66.2     4
66.3     4
66.3     3
66.3     3
66.3     3
66.3     2
66.4     2
66.4     2
66.4     2
66.4     1
66.4     1
66.5     1
66.5     1
66.5     1
66.5     1
66.5     2
66.6     2
66.6     3
66.6     3
66.6     3
66.6     3
66.7     2
66.7     2
66.7     2
66.7     1
66.7     1
66.8     1
66.8     1
66.8     2
66.8     2
66.8     2
66.9     2
66.9     2
66.9     2
66.9     2
66.9     2
67.0     2
67.0     2
67.0     1
67.0     1
67.0     1
67.1     1
67.1     1
67.1     1
67.1     1
67.1     1
67.2     1
67.2     1
67.2     1
67.2     1
67.2     1
67.3     1
67.3     1
67.3     1
67.3     1
67.3     1
67.4     1
67.4     2
67.4     2
67.4     2
67.4     2
67.5     3
67.5     3
67.5     4
67.5     4
67.5     4
67.6     3
67.6     2
67.6     2
67.6     1
67.6     1
67.7     0
67.7     0
67.7     0
67.7     0
67.7     1
67.8     1
67.8     2
67.8     2
67.8     2
67.8     3
67.9     3
67.9     3
67.9     3
67.9     3
67.9     2
68.0     2
68.0     1
68.0     0
68.0     0
68.0     0
68.1     0
68.1     0
68.1     1
68.1     1
68.1     1
68.2     1
68.2     1
68.2     1
68.2     1
68.2     1
68.3     1
68.3     1
68.3     1
68.3     1
68.3     1
68.4     2
68.4     2
68.4     2
68.4     2
68.4     1
68.5     1
68.5     1
68.5     2
68.5     2
68.5     2
68.6     2
68.6     2
68.6     1
68.6     1
68.6     0
68.7     0
68.7     0
68.7     0
68.7     0
68.7     0
68.8     1
68.8     1
68.8     1
68.8     1
68.8     1
68.9     1
68.9     1
68.9     2
68.9     2
68.9     3
69.0     4
69.0     4
69.0     4
69.0     4
69.0     3
69.1     3
69.1     2
69.1     2
69.1     2
69.1     2
69.2     2
69.2     1
69.2     1
69.2     1
69.2     1
69.3     2
69.3     2
69.3     2
69.3     2
69.3     2
69.4     2
69.4     2
69.4     2
69.4     2
69.4     2
69.5     2
69.5     2
69.5     3
69.5     3
69.5     4
69.6     4
69.6     4
69.6     4
69.6     3
69.6     2
69.7     2
69.7     2
69.7     2
69.7     3
69.7     3
69.8     3
69.8     3
69.8     3
69.8     3
69.8     3
69.9     2
69.9     2
69.9     2
69.9     2
69.9     2
70.0     2
70.0     2
70.0     2
70.0     2
70.0     2
70.1     3
70.1     3
70.1     4
70.1     4
70.1     4
70.2     4
70.2     4
70.2     4
70.2     3
70.2     3
70.3     2
70.3     2
70.3     2
70.3     2
70.3     2
70.4     2
70.4     2
70.4     2
70.4     2
70.4     2
70.5     2
70.5     3
70.5     3
70.5     4
70.5     4
70.6     3
70.6     3
70.6     3
70.6     2
70.6     2
70.7     2
70.7     2
70.7     3
70.7     3
70.7     3
70.8     3
70.8     4
70.8     4
70.8     5
70.8     5
70.9     5
70.9     5
70.9     4
70.9     3
70.9     2
71.0     2
71.0     2
71.0     2
71.0     3
71.0     3
71.1     3
71.1     3
71.1     4
71.1     4
71.1     5
71.2     5
71.2     5
71.2     4
71.2     4
71.2     4
71.3     4
71.3     5
71.3     5
71.3     5
71.3     4
71.4     4
71.4     3
71.4     3
71.4     3
71.4     3
71.5     3
71.5     2
71.5     2
71.5     1
71.5     1
71.6     1
71.6     1
71.6     2
71.6     2
71.6     2
71.7     3
71.7     3
71.7     3
71.7     3
71.7     2
71.8     2
71.8     2
71.8     1
71.8     1
71.8     1
71.9     1
71.9     1
71.9     1
71.9     1
71.9     1
72.0     2
72.0     3
72.0     4
72.0     5
72.0     5
72.1     5
72.1     5
72.1     4
72.1     4
72.1     3
72.2     3
72.2     2
72.2     2
72.2     2
72.2     1
72.3     1
72.3     1
72.3     1
72.3     2
72.3     2
72.4     2
72.4     1
72.4     1
72.4     0
72.4     0
72.5     1
72.5     1
72.5     2
72.5     2
72.5     1
72.6     1
72.6     1
72.6     1
72.6     2
72.6     3
72.7     3
72.7     3
72.7     2
72.7     2
72.7     2
72.8     2
72.8     3
72.8     3
72.8     3
72.8     3
72.9     2
72.9     1
72.9     0
72.9     0
72.9     0
73.0     0
73.0     0
73.0     0
73.0     0
73.0     1
73.1     1
73.1     1
73.1     1
73.1     1
73.1     1
73.2     1
73.2     1
73.2     2
73.2     2
73.2     2
73.3     2
73.3     2
73.3     1
73.3     1
73.3     1
73.4     2
73.4     2
73.4     2
73.4     2
73.4     1
73.5     1
73.5     1
73.5     1
73.5     2
73.5     2
73.6     2
73.6     2
73.6     1
73.6     1
73.6     2
73.7     2
73.7     3
73.7     3
73.7     3
73.7     3
73.8     3
73.8     3
73.8     3
73.8     3
73.8     3
73.9     2
73.9     2
73.9     1
73.9     1
73.9     2
74.0     3
74.0     3
74.0     4
74.0     4
74.0     3
74.1     3
74.1     3
74.1     2
74.1     2
74.1     3
74.2     3
74.2     4
74.2     4
74.2     5
74.2     5
74.3     5
74.3     4
74.3     3
74.3     3
74.3     2
74.4     2
74.4     1
74.4     1
74.4     0
74.4     0
74.5     0
74.5     0
74.5     0
74.5     1
74.5     1
74.6     2
74.6     2
74.6     3
74.6     4
74.6     5
74.7     5
74.7     5
74.7     4
74.7     3
74.7     2
74.8     1
74.8     1
74.8     0
74.8     0
74.8     0
74.9     0
74.9     1
74.9     1
74.9     1
74.9     1
75.0     2
75.0     2
75.0     2
75.0     2
75.0     2
75.1     1
75.1     1
75.1     1
75.1     2
75.1     2
75.2     3
75.2     4
75.2     4
75.2     5
75.2     5
75.3     4
75.3     4
75.3     3
75.3     2
75.3     2
75.4     2
75.4     2
75.4     2
75.4     1
75.4     1
75.5     1
75.5     1
75.5     2
75.5     2
75.5     3
75.6     3
75.6     3
75.6     3
75.6     2
75.6     2
75.7     2
75.7     2
75.7     2
75.7     2
75.7     2
75.8     2
75.8     2
75.8     2
75.8     2
75.8     2
75.9     3
75.9     3
75.9     3
75.9     4
75.9     4
76.0     4
76.0     4
76.0     3
76.0     3
76.0     3
76.1     3
76.1     3
76.1     2
76.1     2
76.1     2
76.2     1
76.2     1
76.2     1
76.2     1
76.2     1
76.3     1
76.3     1
76.3     2
76.3     3
76.3     3
76.4     4
76.4     4
76.4     3
76.4     3
76.4     2
76.5     2
76.5     2
76.5     2
76.5     2
76.5     2
76.6     2
76.6     2
76.6     3
76.6     3
76.6     4
76.7     4
76.7     5
76.7     5
76.7     5
76.7     5
76.8     5
76.8     5
76.8     4
76.8     3
76.8     2
76.9     1
76.9     0
76.9     0
76.9     0
76.9     0
77.0     0
77.0     0
77.0     0
77.0     1
77.0     2
77.1     3
77.1     4
77.1     4
77.1     5
77.1     5
77.2     5
77.2     5
77.2     5
77.2     4
77.2     3
77.3     2
77.3     2
77.3     1
77.3     1
77.3     0
77.4     0
77.4     1
77.4     1
77.4     1
77.4     2
77.5     2
77.5     2
77.5     2
77.5     3
77.5     3
77.6     4
77.6     4
77.6     3
77.6     2
77.6     2
77.7     1
77.7     1
77.7     1
77.7     2
77.7     2
77.8     3
77.8     4
77.8     5
77.8     6
77.8     6
77.9     6
77.9     5
77.9     4
77.9     2
77.9     1
78.0     1
78.0     1
78.0     2
78.0     2
78.0     2
78.1     2
78.1     2
78.1     2
78.1     2
78.1     2
78.2     3
78.2     3
78.2     3
78.2     3
78.2     3
78.3     3
78.3     3
78.3     3
78.3     3
78.3     3
78.4     2
78.4     2
78.4     2
78.4     2
78.4     1
78.5     1
78.5     1
78.5     1
78.5     1
78.5     2
78.6     3
78.6     4
78.6     4
78.6     4
78.6     4
78.7     3
78.7     2
78.7     2
78.7     2
78.7     3
78.8     3
78.8     4
78.8     4
78.8     4
78.8     3
78.9     3
78.9     3
78.9     3
78.9     3
78.9     3
79.0     3
79.0     3
79.0     3
79.0     3
79.0     3
79.1     4
79.1     4
79.1     5
79.1     5
79.1     5
79.2     4
79.2     3
79.2     3
79.2     3
79.2     3
79.3     4
79.3     4
79.3     4
79.3     4
79.3     4
79.4     4
79.4     4
79.4     4
79.4     4
79.4     4
79.5     4
79.5     3
79.5     3
79.5     2
79.5     2
79.6     2
79.6     3
79.6     3
79.6     3
79.6     3
79.7     3
79.7     3
79.7     3
79.7     3
79.7     4
79.8     4
79.8     4
79.8     4
79.8     4
79.8     4
79.9     4
79.9     4
79.9     3
79.9     3
79.9     2
80.0     2
80.0     1
80.0     1
80.0     1
80.0     2
80.1     2
80.1     2
80.1     1
80.1     1
80.1     1
80.2     1
80.2     1
80.2     2
80.2     2
80.2     3
80.3     3
80.3     4
80.3     5
80.3     5
80.3     5
80.4     6
80.4     6
80.4     6
80.4     6
80.4     5
80.5     5
80.5     5
80.5     4
80.5     4
80.5     4
80.6     3
80.6     3
80.6     2
80.6     2
80.6     2
80.7     2
80.7     3
80.7     3
80.7     2
80.7     2
80.8     1
80.8     1
80.8     1
80.8     2
80.8     3
80.9     4
80.9     4
80.9     4
80.9     3
80.9     3
81.0     3
81.0     3
81.0     3
81.0     3
81.0     3
81.1     2
81.1     2
81.1     1
81.1     1
81.1     1
81.2     1
81.2     2
81.2     2
81.2     3
81.2     3
81.3     3
81.3     3
81.3     2
81.3     2
81.3     2
81.4     2
81.4     2
81.4     2
81.4     2
81.4     2
81.5     2
81.5     2
81.5     2
81.5     2
81.5     2
81.6     3
81.6     3
81.6     3
81.6     3
81.6     3
81.7     3
81.7     3
81.7     4
81.7     4
81.7     4
81.8     4
81.8     3
81.8     3
81.8     3
81.8     2
81.9     2
81.9     2
81.9     2
81.9     2
81.9     2
82.0     2
82.0     1
82.0     1
82.0     2
82.0     2
82.1     3
82.1     4
82.1     4
82.1     4
82.1     3
82.2     3
82.2     2
82.2     2
82.2     2
82.2     2
82.3     2
82.3     2
82.3     2
82.3     2
82.3     2
82.4     2
82.4     2
82.4     2
82.4     2
82.4     2
82.5     3
82.5     3
82.5     3
82.5     3
82.5     3
82.6     3
82.6     3
82.6     3
82.6     3
82.6     3
82.7     3
82.7     3
82.7     3
82.7     3
82.7     3
82.8     3
82.8     4
82.8     4
82.8     4
82.8     4
82.9     4
82.9     3
82.9     3
82.9     3
82.9     3
83.0     4
83.0     4
83.0     4
83.0     4
83.0     3
83.1     3
83.1     2
83.1     1
83.1     0
83.1     0
83.2     0
83.2     1
83.2     1
83.2     2
83.2     3
83.3     3
83.3     3
83.3     3
83.3     3
83.3     3
83.4     3
83.4     4
83.4     4
83.4     4
83.4     4
83.5     3
83.5     3
83.5     3
83.5     4
83.5     4
83.6     4
83.6     4
83.6     3
83.6     3
83.6     3
83.7     3
83.7     2
83.7     2
83.7     1
83.7     1
83.8     1
83.8     2
83.8     2
83.8     2
83.8     2
83.9     1
83.9     1
83.9     1
83.9     2
83.9     3
84.0     3
84.0     4
84.0     4
84.0     3
84.0     3
84.1     2
84.1     2
84.1     2
84.1     2
84.1     2
84.2     2
84.2     2
84.2     2
84.2     2
84.2     2
84.3     2
84.3     3
84.3     3
84.3     4
84.3     4
84.4     3
84.4     3
84.4     2
84.4     2
84.4     1
84.5     1
84.5     2
84.5     2
84.5     2
84.5     2
84.6     2
84.6     1
84.6     1
84.6     1
84.6     2
84.7     2
84.7     2
84.7     2
84.7     2
84.7     2
84.8     2
84.8     2
84.8     3
84.8     3
84.8     3
84.9     2
84.9     2
84.9     1
84.9     1
84.9     2
85.0     2
85.0     2
85.0     2
85.0     2
85.0     2
85.1     3
85.1     3
85.1     3
85.1     3
85.1     3
85.2     2
85.2     2
85.2     2
85.2     1
85.2     1
85.3     1
85.3     1
85.3     2
85.3     2
85.3     2
85.4     2
85.4     2
85.4     1
85.4     1
85.4     1
85.5     2
85.5     2
85.5     3
85.5     3
85.5     2
85.6     2
85.6     2
85.6     2
85.6     2
85.6     2
85.7     3
85.7     3
85.7     3
85.7     3
85.7     3
85.8     3
85.8     3
85.8     3
85.8     3
85.8     4
85.9     4
85.9     4
85.9     3
85.9     3
85.9     2
86.0     1
86.0     1
86.0     0
86.0     0
86.0     1
86.1     1
86.1     2
86.1     2
86.1     2
86.1     2
86.2     2
86.2     3
86.2     3
86.2     4
86.2     5
86.3     5
86.3     5
86.3     5
86.3     5
86.3     4
86.4     4
86.4     4
86.4     3
86.4     3
86.4     3
86.5     3
86.5     3
86.5     3
86.5     2
86.5     1
86.6     0
86.6     0
86.6     0
86.6     1
86.6     1
86.7     2
86.7     2
86.7     2
86.7     2
86.7     2
86.8     1
86.8     1
86.8     1
86.8     2
86.8     2
86.9     3
86.9     3
86.9     3
86.9     3
86.9     3
87.0     3
87.0     3
87.0     3
87.0     4
87.0     4
87.1     4
87.1     3
87.1     3
87.1     3
87.1     3
87.2     4
87.2     4
87.2     4
87.2     3
87.2     2
87.3     2
87.3     1
87.3     0
87.3     0
87.3     0
87.4     1
87.4     1
87.4     1
87.4     2
87.4     2
87.5     3
87.5     4
87.5     4
87.5     4
87.5     4
87.6     3
87.6     3
87.6     3
87.6     2
87.6     2
87.7     2
87.7     2
87.7     2
87.7     2
87.7     1
87.8     1
87.8     1
87.8     1
87.8     2
87.8     2
87.9     2
87.9     2
87.9     2
87.9     2
87.9     2
88.0     3
88.0     3
88.0     4
88.0     4
88.0     3
88.1     2
88.1     2
88.1     1
88.1     1
88.1     1
88.2     2
88.2     3
88.2     3
88.2     4
88.2     4
88.3     3
88.3     3
88.3     2
88.3     2
88.3     2
88.4     2
88.4     2
88.4     2
88.4     2
88.4     3
88.5     3
88.5     3
88.5     3
88.5     3
88.5     2
88.6     2
88.6     2
88.6     2
88.6     2
88.6     2
88.7     2
88.7     1
88.7     1
88.7     2
88.7     2
88.8     3
88.8     3
88.8     2
88.8     2
88.8     2
88.9     2
88.9     2
88.9     2
88.9     3
88.9     3
89.0     3
89.0     3
89.0     3
89.0     3
89.0     3
89.1     3
89.1     3
89.1     3
89.1     3
89.1     3
89.2     3
89.2     3
89.2     3
89.2     3
89.2     2
89.3     2
89.3     2
89.3     2
89.3     3
89.3     4
89.4     5
89.4     5
89.4     4
89.4     3
89.4     2
89.5     1
89.5     1
89.5     1
89.5     1
89.5     2
89.6     2
89.6     2
89.6     2
89.6     2
89.6     2
89.7     2
89.7     3
89.7     4
89.7     5
89.7     5
89.8     5
89.8     4
89.8     4
89.8     3
89.8     3
89.9     3
89.9     3
89.9     3
89.9     3
89.9     3
90.0     3
